diff_data:
Empty DataFrame
Columns: [agent, day, idx, text, turn, type]
Index: []
[[0. 0. 0. 0. 0. 0. 0. 0. 0. 0. 0.]
 [0. 0. 0. 0. 0. 0. 0. 0. 0. 0. 0.]
 [0. 0. 0. 0. 0. 0. 0. 0. 0. 0. 0.]
 [0. 0. 0. 0. 0. 0. 0. 0. 0. 0. 0.]
 [0. 0. 0. 0. 0. 0. 0. 0. 0. 0. 0.]
 [0. 0. 0. 0. 0. 0. 0. 0. 0. 0. 0.]
 [0. 0. 0. 0. 0. 0. 0. 0. 0. 0. 0.]
 [0. 0. 0. 0. 0. 0. 0. 0. 0. 0. 0.]
 [0. 0. 0. 0. 0. 0. 0. 0. 0. 0. 0.]
 [0. 0. 0. 0. 0. 0. 0. 0. 0. 0. 0.]
 [0. 0. 0. 0. 0. 0. 0. 0. 0. 0. 0.]
 [0. 0. 0. 0. 0. 0. 0. 0. 0. 0. 0.]
 [0. 0. 0. 0. 0. 0. 0. 0. 0. 0. 0.]
 [0. 0. 0. 0. 0. 0. 0. 0. 0. 0. 0.]
 [0. 0. 0. 0. 0. 0. 0. 0. 0. 0. 0.]]
diff_data:
Empty DataFrame
Columns: [agent, day, idx, text, turn, type]
Index: []
diff_data:
Empty DataFrame
Columns: [agent, day, idx, text, turn, type]
Index: []
[[0. 0. 0. 0. 0. 0. 0. 0. 0. 0. 0.]
 [0. 0. 0. 0. 0. 0. 0. 0. 0. 0. 0.]
 [0. 0. 0. 0. 0. 0. 0. 0. 0. 0. 0.]
 [0. 0. 0. 0. 0. 0. 0. 0. 0. 0. 0.]
 [0. 0. 0. 0. 0. 0. 0. 0. 0. 0. 0.]
 [0. 0. 0. 0. 0. 0. 0. 0. 0. 0. 0.]
 [0. 0. 0. 0. 0. 0. 0. 0. 0. 0. 0.]
 [0. 0. 0. 0. 0. 0. 0. 0. 0. 0. 0.]
 [0. 0. 0. 0. 0. 0. 0. 0. 0. 0. 0.]
 [0. 0. 0. 0. 0. 0. 0. 0. 0. 0. 0.]
 [0. 0. 0. 0. 0. 0. 0. 0. 0. 0. 0.]
 [0. 0. 0. 0. 0. 0. 0. 0. 0. 0. 0.]
 [0. 0. 0. 0. 0. 0. 0. 0. 0. 0. 0.]
 [0. 0. 0. 0. 0. 0. 0. 0. 0. 0. 0.]
 [0. 0. 0. 0. 0. 0. 0. 0. 0. 0. 0.]]
diff_data:
Empty DataFrame
Columns: [agent, day, idx, text, turn, type]
Index: []
[[0. 0. 0. 0. 0. 0. 0. 0. 0. 0. 1.]
 [0. 0. 0. 0. 0. 0. 0. 0. 0. 0. 1.]
 [0. 0. 0. 0. 0. 0. 0. 0. 0. 0. 1.]
 [0. 0. 0. 0. 0. 0. 0. 0. 0. 0. 1.]
 [0. 0. 0. 0. 0. 0. 0. 0. 0. 0. 1.]
 [0. 0. 0. 0. 0. 0. 0. 0. 0. 0. 1.]
 [0. 0. 0. 0. 0. 0. 0. 0. 0. 0. 1.]
 [0. 0. 0. 0. 0. 0. 0. 0. 0. 0. 1.]
 [0. 0. 0. 0. 0. 0. 0. 0. 0. 0. 1.]
 [0. 0. 0. 0. 0. 0. 0. 0. 0. 0. 1.]
 [0. 0. 0. 0. 0. 0. 0. 0. 0. 0. 1.]
 [0. 0. 0. 0. 0. 0. 0. 0. 0. 0. 1.]
 [0. 0. 0. 0. 0. 0. 0. 0. 0. 0. 1.]
 [0. 0. 0. 0. 0. 0. 0. 0. 0. 0. 1.]
 [0. 0. 0. 0. 0. 0. 0. 0. 0. 0. 1.]]
2
[[0. 0. 0. 0. 0. 0. 0. 0. 0. 0. 1.]
 [0. 0. 0. 0. 0. 0. 0. 0. 0. 0. 1.]
 [0. 0. 0. 0. 0. 0. 0. 0. 0. 0. 1.]
 [0. 0. 0. 0. 0. 0. 0. 0. 0. 0. 1.]
 [0. 0. 0. 0. 0. 0. 0. 0. 0. 0. 1.]
 [0. 0. 0. 0. 0. 0. 0. 0. 0. 0. 1.]
 [0. 0. 0. 0. 0. 0. 0. 0. 0. 0. 1.]
 [0. 0. 0. 0. 0. 0. 0. 0. 0. 0. 1.]
 [0. 0. 0. 0. 0. 0. 0. 0. 0. 0. 1.]
 [0. 0. 0. 0. 0. 0. 0. 0. 0. 0. 1.]
 [0. 0. 0. 0. 0. 0. 0. 0. 0. 0. 1.]
 [0. 0. 0. 0. 0. 0. 0. 0. 0. 0. 1.]
 [0. 0. 0. 0. 0. 0. 0. 0. 0. 0. 1.]
 [0. 0. 0. 0. 0. 0. 0. 0. 0. 0. 1.]
 [0. 0. 0. 0. 0. 0. 0. 0. 0. 0. 1.]]
2
2
diff_data:
    agent  day  idx                         text  turn  type
0       5    1    0               VOTE Agent[11]     0  talk
1       7    1    1               VOTE Agent[11]     0  talk
2       3    1    2               VOTE Agent[04]     0  talk
3      15    1    3               VOTE Agent[02]     0  talk
4       2    1    4               VOTE Agent[10]     0  talk
5      11    1    5  ESTIMATE Agent[09] WEREWOLF     0  talk
6       1    1    6               VOTE Agent[07]     0  talk
7       4    1    7               VOTE Agent[01]     0  talk
8       6    1    8               VOTE Agent[10]     0  talk
9       8    1    9               VOTE Agent[13]     0  talk
10     14    1   10     COMINGOUT Agent[14] SEER     0  talk
11     13    1   11  ESTIMATE Agent[01] WEREWOLF     0  talk
12     12    1   12  ESTIMATE Agent[14] WEREWOLF     0  talk
13      9    1   13               VOTE Agent[08]     0  talk
14     10    1   14               VOTE Agent[14]     0  talk
[[0. 1. 0. 0. 0. 0. 0. 0. 0. 0. 1.]
 [0. 1. 0. 0. 0. 0. 0. 0. 0. 0. 1.]
 [0. 1. 0. 0. 0. 0. 0. 0. 0. 0. 1.]
 [0. 1. 0. 0. 0. 0. 0. 0. 0. 0. 1.]
 [0. 1. 0. 0. 0. 0. 0. 0. 0. 0. 1.]
 [0. 1. 0. 0. 0. 0. 0. 0. 0. 0. 1.]
 [0. 1. 0. 0. 0. 0. 0. 0. 0. 0. 1.]
 [0. 1. 0. 0. 0. 0. 0. 0. 0. 0. 1.]
 [0. 1. 0. 0. 0. 0. 0. 0. 0. 0. 1.]
 [0. 1. 0. 0. 0. 0. 0. 0. 0. 0. 1.]
 [0. 1. 0. 0. 0. 0. 0. 0. 0. 0. 1.]
 [0. 1. 0. 0. 0. 0. 0. 0. 0. 0. 1.]
 [0. 1. 0. 0. 0. 0. 0. 0. 0. 0. 1.]
 [0. 1. 0. 0. 0. 0. 0. 0. 0. 0. 1.]
 [0. 1. 0. 0. 0. 0. 0. 0. 0. 0. 1.]]
2
diff_data:
    agent  day  idx                      text  turn  type
0      11    1   15            VOTE Agent[09]     1  talk
1       9    1   16  COMINGOUT Agent[09] SEER     1  talk
2       5    1   17                      Skip     1  talk
3       2    1   18                      Skip     1  talk
4      12    1   19            VOTE Agent[14]     1  talk
5      10    1   20                      Skip     1  talk
6       1    1   21                      Skip     1  talk
7      14    1   22   DIVINED Agent[09] HUMAN     1  talk
8      15    1   23                      Skip     1  talk
9       7    1   24                      Skip     1  talk
10      3    1   25                      Skip     1  talk
11      8    1   26                      Skip     1  talk
12      6    1   27                      Skip     1  talk
13      4    1   28                      Skip     1  talk
14     13    1   29            VOTE Agent[01]     1  talk
[[0. 2. 0. 0. 0. 0. 0. 0. 0. 0. 1.]
 [0. 2. 0. 0. 0. 0. 0. 0. 0. 0. 1.]
 [0. 2. 0. 0. 0. 0. 0. 0. 0. 0. 1.]
 [0. 2. 0. 0. 0. 0. 0. 0. 0. 0. 1.]
 [0. 2. 0. 0. 0. 0. 0. 0. 0. 0. 1.]
 [0. 2. 0. 0. 0. 0. 0. 0. 0. 0. 1.]
 [0. 2. 0. 0. 0. 0. 0. 0. 0. 0. 1.]
 [0. 2. 0. 0. 0. 0. 0. 0. 0. 0. 1.]
 [0. 2. 0. 1. 0. 0. 0. 0. 0. 0. 1.]
 [0. 2. 0. 0. 0. 0. 0. 0. 0. 0. 1.]
 [0. 2. 0. 0. 0. 0. 0. 0. 0. 0. 1.]
 [0. 2. 0. 0. 0. 0. 0. 0. 0. 0. 1.]
 [0. 2. 0. 0. 0. 0. 0. 0. 0. 0. 1.]
 [0. 2. 0. 0. 0. 0. 0. 1. 0. 0. 1.]
 [0. 2. 0. 0. 0. 0. 0. 0. 0. 0. 1.]]
2
diff_data:
    agent  day  idx                         text  turn  type
0       3    1   30                         Skip     2  talk
1       1    1   31                         Skip     2  talk
2       2    1   32                         Skip     2  talk
3      13    1   33                         Skip     2  talk
4      10    1   34                         Skip     2  talk
5       4    1   35                         Skip     2  talk
6      14    1   36  ESTIMATE Agent[03] WEREWOLF     2  talk
7      15    1   37                         Skip     2  talk
8       7    1   38                         Skip     2  talk
9       8    1   39                         Skip     2  talk
10     12    1   40                         Skip     2  talk
11      6    1   41                         Skip     2  talk
12      5    1   42                         Skip     2  talk
13      9    1   43      DIVINED Agent[02] HUMAN     2  talk
14     11    1   44                         Skip     2  talk
[[0. 2. 0. 0. 0. 0. 0. 0. 0. 0. 1.]
 [0. 2. 0. 1. 0. 0. 0. 0. 0. 0. 1.]
 [0. 2. 0. 0. 0. 0. 0. 0. 0. 0. 1.]
 [0. 2. 0. 0. 0. 0. 0. 0. 0. 0. 1.]
 [0. 2. 0. 0. 0. 0. 0. 0. 0. 0. 1.]
 [0. 2. 0. 0. 0. 0. 0. 0. 0. 0. 1.]
 [0. 2. 0. 0. 0. 0. 0. 0. 0. 0. 1.]
 [0. 2. 0. 0. 0. 0. 0. 0. 0. 0. 1.]
 [0. 2. 0. 1. 0. 0. 0. 1. 0. 0. 1.]
 [0. 2. 0. 0. 0. 0. 0. 0. 0. 0. 1.]
 [0. 2. 0. 0. 0. 0. 0. 0. 0. 0. 1.]
 [0. 2. 0. 0. 0. 0. 0. 0. 0. 0. 1.]
 [0. 2. 0. 0. 0. 0. 0. 0. 0. 0. 1.]
 [0. 2. 0. 0. 0. 0. 0. 1. 0. 0. 1.]
 [0. 2. 0. 0. 0. 0. 0. 0. 0. 0. 1.]]
2
diff_data:
    agent  day  idx                           text  turn  type
0      12    1   45                           Skip     3  talk
1       6    1   46                           Over     3  talk
2       3    1   47                           Over     3  talk
3      14    1   48  REQUEST(DIVINATION Agent[03])     3  talk
4      13    1   49                           Skip     3  talk
5       2    1   50                           Over     3  talk
6       1    1   51                           Over     3  talk
7       5    1   52                           Over     3  talk
8       9    1   53    ESTIMATE Agent[14] WEREWOLF     3  talk
9       8    1   54                           Over     3  talk
10     11    1   55                           Skip     3  talk
11     10    1   56                           Over     3  talk
12     15    1   57                           Over     3  talk
13      4    1   58                           Over     3  talk
14      7    1   59                           Over     3  talk
[[0. 2. 0. 0. 0. 0. 0. 0. 0. 0. 1.]
 [0. 2. 0. 1. 0. 0. 0. 0. 0. 0. 1.]
 [0. 2. 0. 0. 0. 0. 0. 0. 0. 0. 1.]
 [0. 2. 0. 0. 0. 0. 0. 0. 0. 0. 1.]
 [0. 2. 0. 0. 0. 0. 0. 0. 0. 0. 1.]
 [0. 2. 0. 0. 0. 0. 0. 0. 0. 0. 1.]
 [0. 2. 0. 0. 0. 0. 0. 0. 0. 0. 1.]
 [0. 2. 0. 0. 0. 0. 0. 0. 0. 0. 1.]
 [0. 2. 0. 1. 0. 0. 0. 1. 0. 0. 1.]
 [0. 2. 0. 0. 0. 0. 0. 0. 0. 0. 1.]
 [0. 2. 0. 0. 0. 0. 0. 0. 0. 0. 1.]
 [0. 2. 0. 0. 0. 0. 0. 0. 0. 0. 1.]
 [0. 2. 0. 0. 0. 0. 0. 0. 0. 0. 1.]
 [0. 2. 0. 0. 0. 0. 0. 1. 0. 0. 1.]
 [0. 2. 0. 0. 0. 0. 0. 0. 0. 0. 1.]]
2
diff_data:
    agent  day  idx            text  turn  type
0       9    1   60  VOTE Agent[14]     4  talk
1       1    1   61            Over     4  talk
2      15    1   62            Over     4  talk
3      14    1   63  VOTE Agent[03]     4  talk
4       3    1   64            Over     4  talk
5       6    1   65            Over     4  talk
6       8    1   66            Over     4  talk
7      11    1   67            Over     4  talk
8      10    1   68            Over     4  talk
9       5    1   69            Over     4  talk
10     13    1   70            Over     4  talk
11     12    1   71            Over     4  talk
12      4    1   72            Over     4  talk
13      2    1   73            Over     4  talk
14      7    1   74            Over     4  talk
[[0. 2. 0. 0. 0. 0. 0. 0. 0. 0. 1.]
 [0. 2. 0. 1. 0. 0. 0. 0. 0. 0. 1.]
 [0. 2. 0. 0. 0. 0. 0. 0. 0. 0. 1.]
 [0. 2. 0. 0. 0. 0. 0. 0. 0. 0. 1.]
 [0. 2. 0. 0. 0. 0. 0. 0. 0. 0. 1.]
 [0. 2. 0. 0. 0. 0. 0. 0. 0. 0. 1.]
 [0. 2. 0. 0. 0. 0. 0. 0. 0. 0. 1.]
 [0. 2. 0. 0. 0. 0. 0. 0. 0. 0. 1.]
 [0. 2. 0. 1. 0. 0. 0. 1. 0. 0. 1.]
 [0. 2. 0. 0. 0. 0. 0. 0. 0. 0. 1.]
 [0. 2. 0. 0. 0. 0. 0. 0. 0. 0. 1.]
 [0. 2. 0. 0. 0. 0. 0. 0. 0. 0. 1.]
 [0. 2. 0. 0. 0. 0. 0. 0. 0. 0. 1.]
 [0. 2. 0. 0. 0. 0. 0. 1. 0. 0. 1.]
 [0. 2. 0. 0. 0. 0. 0. 0. 0. 0. 1.]]
2
diff_data:
    agent  day  idx                         text  turn  type
0       9    1   75                         Skip     5  talk
1       1    1   76                         Over     5  talk
2      12    1   77                         Over     5  talk
3       8    1   78                         Over     5  talk
4       2    1   79                         Over     5  talk
5      15    1   80                         Over     5  talk
6      10    1   81                         Over     5  talk
7      13    1   82                         Over     5  talk
8       3    1   83                         Over     5  talk
9       6    1   84                         Over     5  talk
10      5    1   85                         Over     5  talk
11     14    1   86  ESTIMATE Agent[09] WEREWOLF     5  talk
12     11    1   87                         Over     5  talk
13      4    1   88                         Over     5  talk
14      7    1   89                         Over     5  talk
[[0. 2. 0. 0. 0. 0. 0. 0. 0. 0. 1.]
 [0. 2. 0. 1. 0. 0. 0. 0. 0. 0. 1.]
 [0. 2. 0. 0. 0. 0. 0. 0. 0. 0. 1.]
 [0. 2. 0. 0. 0. 0. 0. 0. 0. 0. 1.]
 [0. 2. 0. 0. 0. 0. 0. 0. 0. 0. 1.]
 [0. 2. 0. 0. 0. 0. 0. 0. 0. 0. 1.]
 [0. 2. 0. 0. 0. 0. 0. 0. 0. 0. 1.]
 [0. 2. 0. 0. 0. 0. 0. 0. 0. 0. 1.]
 [0. 2. 0. 1. 0. 0. 0. 1. 0. 0. 1.]
 [0. 2. 0. 0. 0. 0. 0. 0. 0. 0. 1.]
 [0. 2. 0. 0. 0. 0. 0. 0. 0. 0. 1.]
 [0. 2. 0. 0. 0. 0. 0. 0. 0. 0. 1.]
 [0. 2. 0. 0. 0. 0. 0. 0. 0. 0. 1.]
 [0. 2. 0. 0. 0. 0. 0. 1. 0. 0. 1.]
 [0. 2. 0. 0. 0. 0. 0. 0. 0. 0. 1.]]
2
diff_data:
    agent  day  idx                           text  turn  type
0       3    1   90                           Over     6  talk
1      10    1   91                           Over     6  talk
2      15    1   92                           Over     6  talk
3      14    1   93  REQUEST(DIVINATION Agent[09])     6  talk
4       1    1   94                           Over     6  talk
5      11    1   95                           Over     6  talk
6      12    1   96                           Over     6  talk
7      13    1   97                           Over     6  talk
8       5    1   98                           Over     6  talk
9       8    1   99                           Over     6  talk
10      6    1  100                           Over     6  talk
11      7    1  101                           Over     6  talk
12      2    1  102                           Over     6  talk
13      9    1  103                           Skip     6  talk
14      4    1  104                           Over     6  talk
[[0. 2. 0. 0. 0. 0. 0. 0. 0. 0. 1.]
 [0. 2. 0. 1. 0. 0. 0. 0. 0. 0. 1.]
 [0. 2. 0. 0. 0. 0. 0. 0. 0. 0. 1.]
 [0. 2. 0. 0. 0. 0. 0. 0. 0. 0. 1.]
 [0. 2. 0. 0. 0. 0. 0. 0. 0. 0. 1.]
 [0. 2. 0. 0. 0. 0. 0. 0. 0. 0. 1.]
 [0. 2. 0. 0. 0. 0. 0. 0. 0. 0. 1.]
 [0. 2. 0. 0. 0. 0. 0. 0. 0. 0. 1.]
 [0. 2. 0. 1. 0. 0. 0. 1. 0. 0. 1.]
 [0. 2. 0. 0. 0. 0. 0. 0. 0. 0. 1.]
 [0. 2. 0. 0. 0. 0. 0. 0. 0. 0. 1.]
 [0. 2. 0. 0. 0. 0. 0. 0. 0. 0. 1.]
 [0. 2. 0. 0. 0. 0. 0. 0. 0. 0. 1.]
 [0. 2. 0. 0. 0. 0. 0. 1. 0. 0. 1.]
 [0. 2. 0. 0. 0. 0. 0. 0. 0. 0. 1.]]
2
diff_data:
    agent  day  idx            text  turn  type
0      11    1  105            Over     7  talk
1       8    1  106            Over     7  talk
2       5    1  107            Over     7  talk
3       9    1  108            Over     7  talk
4       3    1  109            Over     7  talk
5       2    1  110            Over     7  talk
6      14    1  111  VOTE Agent[09]     7  talk
7       1    1  112            Over     7  talk
8      13    1  113            Over     7  talk
9       6    1  114            Over     7  talk
10     12    1  115            Over     7  talk
11     15    1  116            Over     7  talk
12      4    1  117            Over     7  talk
13      7    1  118            Over     7  talk
14     10    1  119            Over     7  talk
[[0. 2. 0. 0. 0. 0. 0. 0. 0. 0. 1.]
 [0. 2. 0. 1. 0. 0. 0. 0. 0. 0. 1.]
 [0. 2. 0. 0. 0. 0. 0. 0. 0. 0. 1.]
 [0. 2. 0. 0. 0. 0. 0. 0. 0. 0. 1.]
 [0. 2. 0. 0. 0. 0. 0. 0. 0. 0. 1.]
 [0. 2. 0. 0. 0. 0. 0. 0. 0. 0. 1.]
 [0. 2. 0. 0. 0. 0. 0. 0. 0. 0. 1.]
 [0. 2. 0. 0. 0. 0. 0. 0. 0. 0. 1.]
 [0. 2. 0. 1. 0. 0. 0. 1. 0. 0. 1.]
 [0. 2. 0. 0. 0. 0. 0. 0. 0. 0. 1.]
 [0. 2. 0. 0. 0. 0. 0. 0. 0. 0. 1.]
 [0. 2. 0. 0. 0. 0. 0. 0. 0. 0. 1.]
 [0. 2. 0. 0. 0. 0. 0. 0. 0. 0. 1.]
 [0. 2. 0. 0. 0. 0. 0. 1. 0. 0. 1.]
 [0. 2. 0. 0. 0. 0. 0. 0. 0. 0. 1.]]
2
diff_data:
    agent  day  idx  text  turn  type
0      12    1  120  Over     8  talk
1       4    1  121  Over     8  talk
2      14    1  122  Skip     8  talk
3       2    1  123  Over     8  talk
4       8    1  124  Over     8  talk
5      15    1  125  Over     8  talk
6       5    1  126  Over     8  talk
7      11    1  127  Over     8  talk
8       7    1  128  Over     8  talk
9       1    1  129  Over     8  talk
10      3    1  130  Over     8  talk
11      6    1  131  Over     8  talk
12      9    1  132  Over     8  talk
13     13    1  133  Over     8  talk
14     10    1  134  Over     8  talk
[[0. 2. 0. 0. 0. 0. 0. 0. 0. 0. 1.]
 [0. 2. 0. 1. 0. 0. 0. 0. 0. 0. 1.]
 [0. 2. 0. 0. 0. 0. 0. 0. 0. 0. 1.]
 [0. 2. 0. 0. 0. 0. 0. 0. 0. 0. 1.]
 [0. 2. 0. 0. 0. 0. 0. 0. 0. 0. 1.]
 [0. 2. 0. 0. 0. 0. 0. 0. 0. 0. 1.]
 [0. 2. 0. 0. 0. 0. 0. 0. 0. 0. 1.]
 [0. 2. 0. 0. 0. 0. 0. 0. 0. 0. 1.]
 [0. 2. 0. 1. 0. 0. 0. 1. 0. 0. 1.]
 [0. 2. 0. 0. 0. 0. 0. 0. 0. 0. 1.]
 [0. 2. 0. 0. 0. 0. 0. 0. 0. 0. 1.]
 [0. 2. 0. 0. 0. 0. 0. 0. 0. 0. 1.]
 [0. 2. 0. 0. 0. 0. 0. 0. 0. 0. 1.]
 [0. 2. 0. 0. 0. 0. 0. 1. 0. 0. 1.]
 [0. 2. 0. 0. 0. 0. 0. 0. 0. 0. 1.]]
2
diff_data:
    agent  day  idx  text  turn  type
0       3    1  135  Over     9  talk
1       2    1  136  Over     9  talk
2       1    1  137  Over     9  talk
3      15    1  138  Over     9  talk
4       4    1  139  Over     9  talk
5      13    1  140  Over     9  talk
6       6    1  141  Over     9  talk
7      10    1  142  Over     9  talk
8       9    1  143  Over     9  talk
9      12    1  144  Over     9  talk
10      5    1  145  Over     9  talk
11     14    1  146  Skip     9  talk
12      7    1  147  Over     9  talk
13     11    1  148  Over     9  talk
14      8    1  149  Over     9  talk
[[0. 2. 0. 0. 0. 0. 0. 0. 0. 0. 1.]
 [0. 2. 0. 1. 0. 0. 0. 0. 0. 0. 1.]
 [0. 2. 0. 0. 0. 0. 0. 0. 0. 0. 1.]
 [0. 2. 0. 0. 0. 0. 0. 0. 0. 0. 1.]
 [0. 2. 0. 0. 0. 0. 0. 0. 0. 0. 1.]
 [0. 2. 0. 0. 0. 0. 0. 0. 0. 0. 1.]
 [0. 2. 0. 0. 0. 0. 0. 0. 0. 0. 1.]
 [0. 2. 0. 0. 0. 0. 0. 0. 0. 0. 1.]
 [0. 2. 0. 1. 0. 0. 0. 1. 0. 0. 1.]
 [0. 2. 0. 0. 0. 0. 0. 0. 0. 0. 1.]
 [0. 2. 0. 0. 0. 0. 0. 0. 0. 0. 1.]
 [0. 2. 0. 0. 0. 0. 0. 0. 0. 0. 1.]
 [0. 2. 0. 0. 0. 0. 0. 0. 0. 0. 1.]
 [0. 2. 0. 0. 0. 0. 0. 1. 0. 0. 1.]
 [0. 2. 0. 0. 0. 0. 0. 0. 0. 0. 1.]]
2
diff_data:
    agent  day  idx  text  turn  type
0      15    1  150  Over    10  talk
1      14    1  151  Over    10  talk
2       1    1  152  Over    10  talk
3      12    1  153  Over    10  talk
4       3    1  154  Over    10  talk
5       6    1  155  Over    10  talk
6      11    1  156  Over    10  talk
7       8    1  157  Over    10  talk
8       9    1  158  Over    10  talk
9      10    1  159  Over    10  talk
10      5    1  160  Over    10  talk
11     13    1  161  Over    10  talk
12      4    1  162  Over    10  talk
13      2    1  163  Over    10  talk
14      7    1  164  Over    10  talk
diff_data:
Empty DataFrame
Columns: [agent, day, idx, text, turn, type]
Index: []
[[0. 2. 0. 0. 0. 0. 0. 0. 0. 0. 1.]
 [0. 2. 0. 1. 0. 0. 0. 0. 0. 0. 1.]
 [0. 2. 0. 0. 0. 0. 0. 0. 0. 0. 1.]
 [0. 2. 0. 0. 0. 0. 0. 0. 0. 0. 1.]
 [0. 2. 0. 0. 0. 0. 0. 0. 0. 0. 1.]
 [0. 2. 0. 0. 0. 0. 0. 0. 0. 0. 1.]
 [0. 2. 0. 0. 0. 0. 0. 0. 0. 0. 1.]
 [0. 2. 0. 0. 0. 0. 0. 0. 0. 0. 1.]
 [0. 2. 0. 1. 0. 0. 0. 1. 0. 0. 1.]
 [0. 2. 0. 0. 0. 0. 0. 0. 0. 0. 1.]
 [0. 2. 0. 0. 0. 0. 0. 0. 0. 0. 1.]
 [0. 2. 0. 0. 0. 0. 0. 0. 0. 0. 1.]
 [0. 2. 0. 0. 0. 0. 0. 0. 0. 0. 1.]
 [0. 2. 0. 0. 0. 0. 0. 1. 0. 0. 1.]
 [0. 2. 0. 0. 0. 0. 0. 0. 0. 0. 1.]]
2
diff_data:
    agent  day  idx                        text  turn      type
0       7    1    1              VOTE Agent[07]     0      vote
1      10    1    2              VOTE Agent[10]     0      vote
2       4    1    3              VOTE Agent[04]     0      vote
3       1    1    4              VOTE Agent[01]     0      vote
4      11    1    5              VOTE Agent[11]     0      vote
5      10    1    6              VOTE Agent[10]     0      vote
6      11    1    7              VOTE Agent[11]     0      vote
7      13    1    8              VOTE Agent[13]     0      vote
8      14    1    9              VOTE Agent[14]     0      vote
9      14    1   10              VOTE Agent[14]     0      vote
10      9    1   11              VOTE Agent[09]     0      vote
11     14    1   12              VOTE Agent[14]     0      vote
12      1    1   13              VOTE Agent[01]     0      vote
13      9    1   14              VOTE Agent[09]     0      vote
14      2    1   15              VOTE Agent[02]     0      vote
15     14    1    0                        Over     0   execute
16     14    2   15  IDENTIFIED Agent[14] HUMAN     0  identify
[[0. 2. 0. 0. 0. 0. 0. 0. 0. 0. 1.]
 [0. 2. 0. 1. 0. 0. 0. 0. 0. 0. 1.]
 [0. 2. 0. 0. 0. 0. 0. 0. 0. 0. 1.]
 [0. 2. 0. 0. 0. 0. 0. 0. 0. 0. 1.]
 [0. 2. 0. 0. 0. 0. 0. 0. 0. 0. 1.]
 [0. 2. 0. 0. 0. 0. 0. 0. 0. 0. 1.]
 [0. 2. 0. 0. 0. 0. 0. 0. 0. 0. 1.]
 [0. 2. 0. 0. 0. 0. 0. 0. 0. 0. 1.]
 [0. 2. 0. 1. 0. 0. 0. 1. 0. 0. 1.]
 [0. 2. 0. 0. 0. 0. 0. 0. 0. 0. 1.]
 [0. 2. 0. 0. 0. 0. 0. 0. 0. 0. 1.]
 [0. 2. 0. 0. 0. 0. 0. 0. 0. 0. 1.]
 [0. 2. 0. 0. 0. 0. 0. 0. 0. 0. 1.]
 [0. 2. 0. 0. 0. 0. 0. 1. 0. 0. 1.]
 [0. 2. 0. 0. 0. 0. 0. 0. 0. 0. 1.]]
diff_data:
Empty DataFrame
Columns: [agent, day, idx, text, turn, type]
Index: []
[[0. 2. 0. 0. 0. 0. 0. 0. 0. 0. 2.]
 [0. 2. 0. 1. 0. 0. 0. 0. 0. 0. 2.]
 [0. 2. 0. 0. 0. 0. 0. 0. 0. 0. 2.]
 [0. 2. 0. 0. 0. 0. 0. 0. 0. 0. 2.]
 [0. 2. 0. 0. 0. 0. 0. 0. 0. 0. 2.]
 [0. 2. 0. 0. 0. 0. 0. 0. 0. 0. 2.]
 [0. 2. 0. 0. 0. 0. 0. 0. 0. 0. 2.]
 [0. 2. 0. 0. 0. 0. 0. 0. 0. 0. 2.]
 [0. 2. 0. 1. 0. 0. 0. 1. 0. 0. 2.]
 [0. 2. 0. 0. 0. 0. 0. 0. 0. 0. 2.]
 [0. 2. 0. 0. 0. 0. 0. 0. 0. 0. 2.]
 [0. 2. 0. 0. 0. 0. 0. 0. 0. 0. 2.]
 [0. 2. 0. 0. 0. 0. 0. 0. 0. 0. 2.]
 [1. 2. 0. 0. 0. 0. 0. 1. 0. 0. 2.]
 [0. 2. 0. 0. 0. 0. 0. 0. 0. 0. 2.]]
2
[[0. 2. 0. 0. 0. 0. 0. 0. 0. 0. 2.]
 [0. 2. 0. 1. 0. 0. 0. 0. 0. 0. 2.]
 [0. 2. 0. 0. 0. 0. 0. 0. 0. 0. 2.]
 [0. 2. 0. 0. 0. 0. 0. 0. 0. 0. 2.]
 [0. 2. 0. 0. 0. 0. 0. 0. 0. 0. 2.]
 [0. 2. 0. 0. 0. 0. 0. 0. 0. 0. 2.]
 [0. 2. 0. 0. 0. 0. 0. 0. 0. 0. 2.]
 [0. 2. 0. 0. 0. 0. 0. 0. 0. 0. 2.]
 [0. 2. 0. 1. 0. 0. 0. 1. 0. 0. 2.]
 [0. 2. 0. 0. 0. 0. 0. 0. 0. 0. 2.]
 [0. 2. 0. 0. 0. 0. 0. 0. 0. 0. 2.]
 [0. 2. 0. 0. 0. 0. 0. 0. 0. 0. 2.]
 [0. 2. 0. 0. 0. 0. 0. 0. 0. 0. 2.]
 [1. 2. 0. 0. 0. 0. 0. 1. 0. 0. 2.]
 [0. 2. 0. 0. 0. 0. 0. 0. 0. 0. 2.]]
2
2
diff_data:
    agent  day  idx                         text  turn  type
0       8    2    0               VOTE Agent[15]     0  talk
1       9    2    1               VOTE Agent[06]     0  talk
2       3    2    2               VOTE Agent[08]     0  talk
3       1    2    3               VOTE Agent[07]     0  talk
4       7    2    4               VOTE Agent[09]     0  talk
5      11    2    5  ESTIMATE Agent[05] WEREWOLF     0  talk
6      13    2    6  ESTIMATE Agent[09] WEREWOLF     0  talk
7      10    2    7               VOTE Agent[11]     0  talk
8       4    2    8               VOTE Agent[12]     0  talk
9      12    2    9  ESTIMATE Agent[09] WEREWOLF     0  talk
10      6    2   10               VOTE Agent[12]     0  talk
11      2    2   11               VOTE Agent[06]     0  talk
12      5    2   12               VOTE Agent[10]     0  talk
13     15    2   13               VOTE Agent[02]     0  talk
[[0. 2. 0. 0. 0. 0. 0. 0. 0. 0. 2.]
 [0. 2. 0. 1. 0. 0. 0. 0. 0. 0. 2.]
 [0. 2. 0. 0. 0. 0. 0. 0. 0. 0. 2.]
 [0. 2. 0. 0. 0. 0. 0. 0. 0. 0. 2.]
 [0. 2. 0. 0. 0. 0. 0. 0. 0. 0. 2.]
 [0. 2. 0. 0. 0. 0. 0. 0. 0. 0. 2.]
 [0. 2. 0. 0. 0. 0. 0. 0. 0. 0. 2.]
 [0. 2. 0. 0. 0. 0. 0. 0. 0. 0. 2.]
 [0. 2. 0. 1. 0. 0. 0. 1. 0. 0. 2.]
 [0. 2. 0. 0. 0. 0. 0. 0. 0. 0. 2.]
 [0. 2. 0. 0. 0. 0. 0. 0. 0. 0. 2.]
 [0. 2. 0. 0. 0. 0. 0. 0. 0. 0. 2.]
 [0. 2. 0. 0. 0. 0. 0. 0. 0. 0. 2.]
 [1. 2. 0. 0. 0. 0. 0. 1. 0. 0. 2.]
 [0. 2. 0. 0. 0. 0. 0. 0. 0. 0. 2.]]
2
diff_data:
    agent  day  idx            text  turn  type
0       1    2   14            Skip     1  talk
1      10    2   15            Skip     1  talk
2       3    2   16            Skip     1  talk
3       6    2   17            Skip     1  talk
4      13    2   18  VOTE Agent[09]     1  talk
5       4    2   19            Skip     1  talk
6       8    2   20            Skip     1  talk
7       2    2   21            Skip     1  talk
8       5    2   22            Skip     1  talk
9       9    2   23            Skip     1  talk
10     15    2   24            Skip     1  talk
11     12    2   25  VOTE Agent[09]     1  talk
12      7    2   26            Skip     1  talk
13     11    2   27  VOTE Agent[05]     1  talk
[[0. 2. 0. 0. 0. 0. 0. 0. 0. 0. 2.]
 [0. 2. 0. 1. 0. 0. 0. 0. 0. 0. 2.]
 [0. 2. 0. 0. 0. 0. 0. 0. 0. 0. 2.]
 [0. 2. 0. 0. 0. 0. 0. 0. 0. 0. 2.]
 [0. 2. 0. 0. 0. 0. 0. 0. 0. 0. 2.]
 [0. 2. 0. 0. 0. 0. 0. 0. 0. 0. 2.]
 [0. 2. 0. 0. 0. 0. 0. 0. 0. 0. 2.]
 [0. 2. 0. 0. 0. 0. 0. 0. 0. 0. 2.]
 [0. 2. 0. 1. 0. 0. 0. 1. 0. 0. 2.]
 [0. 2. 0. 0. 0. 0. 0. 0. 0. 0. 2.]
 [0. 2. 0. 0. 0. 0. 0. 0. 0. 0. 2.]
 [0. 2. 0. 0. 0. 0. 0. 0. 0. 0. 2.]
 [0. 2. 0. 0. 0. 0. 0. 0. 0. 0. 2.]
 [1. 2. 0. 0. 0. 0. 0. 1. 0. 0. 2.]
 [0. 2. 0. 0. 0. 0. 0. 0. 0. 0. 2.]]
2
diff_data:
    agent  day  idx  text  turn  type
0       5    2   28  Skip     2  talk
1      15    2   29  Skip     2  talk
2      12    2   30  Skip     2  talk
3       6    2   31  Skip     2  talk
4      10    2   32  Skip     2  talk
5       9    2   33  Skip     2  talk
6       3    2   34  Skip     2  talk
7      11    2   35  Skip     2  talk
8       4    2   36  Skip     2  talk
9      13    2   37  Skip     2  talk
10      1    2   38  Skip     2  talk
11      8    2   39  Skip     2  talk
12      7    2   40  Skip     2  talk
13      2    2   41  Skip     2  talk
[[0. 2. 0. 0. 0. 0. 0. 0. 0. 0. 2.]
 [0. 2. 0. 1. 0. 0. 0. 0. 0. 0. 2.]
 [0. 2. 0. 0. 0. 0. 0. 0. 0. 0. 2.]
 [0. 2. 0. 0. 0. 0. 0. 0. 0. 0. 2.]
 [0. 2. 0. 0. 0. 0. 0. 0. 0. 0. 2.]
 [0. 2. 0. 0. 0. 0. 0. 0. 0. 0. 2.]
 [0. 2. 0. 0. 0. 0. 0. 0. 0. 0. 2.]
 [0. 2. 0. 0. 0. 0. 0. 0. 0. 0. 2.]
 [0. 2. 0. 1. 0. 0. 0. 1. 0. 0. 2.]
 [0. 2. 0. 0. 0. 0. 0. 0. 0. 0. 2.]
 [0. 2. 0. 0. 0. 0. 0. 0. 0. 0. 2.]
 [0. 2. 0. 0. 0. 0. 0. 0. 0. 0. 2.]
 [0. 2. 0. 0. 0. 0. 0. 0. 0. 0. 2.]
 [1. 2. 0. 0. 0. 0. 0. 1. 0. 0. 2.]
 [0. 2. 0. 0. 0. 0. 0. 0. 0. 0. 2.]]
2
diff_data:
    agent  day  idx  text  turn  type
0      11    2   42  Skip     3  talk
1       9    2   43  Over     3  talk
2       8    2   44  Over     3  talk
3       4    2   45  Over     3  talk
4       1    2   46  Over     3  talk
5       7    2   47  Over     3  talk
6       2    2   48  Over     3  talk
7       3    2   49  Over     3  talk
8      13    2   50  Skip     3  talk
9       6    2   51  Over     3  talk
10     10    2   52  Over     3  talk
11     12    2   53  Skip     3  talk
12     15    2   54  Over     3  talk
13      5    2   55  Over     3  talk
[[0. 2. 0. 0. 0. 0. 0. 0. 0. 0. 2.]
 [0. 2. 0. 1. 0. 0. 0. 0. 0. 0. 2.]
 [0. 2. 0. 0. 0. 0. 0. 0. 0. 0. 2.]
 [0. 2. 0. 0. 0. 0. 0. 0. 0. 0. 2.]
 [0. 2. 0. 0. 0. 0. 0. 0. 0. 0. 2.]
 [0. 2. 0. 0. 0. 0. 0. 0. 0. 0. 2.]
 [0. 2. 0. 0. 0. 0. 0. 0. 0. 0. 2.]
 [0. 2. 0. 0. 0. 0. 0. 0. 0. 0. 2.]
 [0. 2. 0. 1. 0. 0. 0. 1. 0. 0. 2.]
 [0. 2. 0. 0. 0. 0. 0. 0. 0. 0. 2.]
 [0. 2. 0. 0. 0. 0. 0. 0. 0. 0. 2.]
 [0. 2. 0. 0. 0. 0. 0. 0. 0. 0. 2.]
 [0. 2. 0. 0. 0. 0. 0. 0. 0. 0. 2.]
 [1. 2. 0. 0. 0. 0. 0. 1. 0. 0. 2.]
 [0. 2. 0. 0. 0. 0. 0. 0. 0. 0. 2.]]
2
diff_data:
    agent  day  idx  text  turn  type
0       1    2   56  Over     4  talk
1      11    2   57  Over     4  talk
2       5    2   58  Over     4  talk
3       3    2   59  Over     4  talk
4       8    2   60  Over     4  talk
5       4    2   61  Over     4  talk
6      12    2   62  Over     4  talk
7       2    2   63  Over     4  talk
8      15    2   64  Over     4  talk
9      13    2   65  Over     4  talk
10      9    2   66  Over     4  talk
11     10    2   67  Over     4  talk
12      6    2   68  Over     4  talk
13      7    2   69  Over     4  talk
diff_data:
Empty DataFrame
Columns: [agent, day, idx, text, turn, type]
Index: []
[[0. 2. 0. 0. 0. 0. 0. 0. 0. 0. 2.]
 [0. 2. 0. 1. 0. 0. 0. 0. 0. 0. 2.]
 [0. 2. 0. 0. 0. 0. 0. 0. 0. 0. 2.]
 [0. 2. 0. 0. 0. 0. 0. 0. 0. 0. 2.]
 [0. 2. 0. 0. 0. 0. 0. 0. 0. 0. 2.]
 [0. 2. 0. 0. 0. 0. 0. 0. 0. 0. 2.]
 [0. 2. 0. 0. 0. 0. 0. 0. 0. 0. 2.]
 [0. 2. 0. 0. 0. 0. 0. 0. 0. 0. 2.]
 [0. 2. 0. 1. 0. 0. 0. 1. 0. 0. 2.]
 [0. 2. 0. 0. 0. 0. 0. 0. 0. 0. 2.]
 [0. 2. 0. 0. 0. 0. 0. 0. 0. 0. 2.]
 [0. 2. 0. 0. 0. 0. 0. 0. 0. 0. 2.]
 [0. 2. 0. 0. 0. 0. 0. 0. 0. 0. 2.]
 [1. 2. 0. 0. 0. 0. 0. 1. 0. 0. 2.]
 [0. 2. 0. 0. 0. 0. 0. 0. 0. 0. 2.]]
2
diff_data:
    agent  day  idx                        text  turn      type
0       7    2    1              VOTE Agent[07]     0      vote
1       6    2    2              VOTE Agent[06]     0      vote
2       8    2    3              VOTE Agent[08]     0      vote
3      12    2    4              VOTE Agent[12]     0      vote
4      10    2    5              VOTE Agent[10]     0      vote
5      12    2    6              VOTE Agent[12]     0      vote
6       9    2    7              VOTE Agent[09]     0      vote
7      15    2    8              VOTE Agent[15]     0      vote
8       6    2    9              VOTE Agent[06]     0      vote
9      11    2   10              VOTE Agent[11]     0      vote
10      5    2   11              VOTE Agent[05]     0      vote
11      9    2   12              VOTE Agent[09]     0      vote
12      9    2   13              VOTE Agent[09]     0      vote
13      2    2   15              VOTE Agent[02]     0      vote
14      9    2    0                        Over     0   execute
15      9    3   15  IDENTIFIED Agent[09] HUMAN     0  identify
16      5    3    0                        Over     0      dead
[[0. 2. 0. 0. 0. 0. 0. 0. 0. 0. 2.]
 [0. 2. 0. 1. 0. 0. 0. 0. 0. 0. 2.]
 [0. 2. 0. 0. 0. 0. 0. 0. 0. 0. 2.]
 [0. 2. 0. 0. 0. 0. 0. 0. 0. 0. 2.]
 [0. 2. 0. 0. 0. 0. 0. 0. 0. 0. 2.]
 [0. 2. 0. 0. 0. 0. 0. 0. 0. 0. 2.]
 [0. 2. 0. 0. 0. 0. 0. 0. 0. 0. 2.]
 [0. 2. 0. 0. 0. 0. 0. 0. 0. 0. 2.]
 [0. 2. 0. 1. 0. 0. 0. 1. 0. 0. 2.]
 [0. 2. 0. 0. 0. 0. 0. 0. 0. 0. 2.]
 [0. 2. 0. 0. 0. 0. 0. 0. 0. 0. 2.]
 [0. 2. 0. 0. 0. 0. 0. 0. 0. 0. 2.]
 [0. 2. 0. 0. 0. 0. 0. 0. 0. 0. 2.]
 [1. 2. 0. 0. 0. 0. 0. 1. 0. 0. 2.]
 [0. 2. 0. 0. 0. 0. 0. 0. 0. 0. 2.]]
diff_data:
Empty DataFrame
Columns: [agent, day, idx, text, turn, type]
Index: []
[[0. 2. 0. 0. 0. 0. 0. 0. 0. 0. 3.]
 [0. 2. 0. 1. 0. 0. 0. 0. 0. 0. 3.]
 [0. 2. 0. 0. 0. 0. 0. 0. 0. 0. 3.]
 [0. 2. 0. 0. 0. 0. 0. 0. 0. 0. 3.]
 [1. 2. 0. 0. 0. 0. 0. 0. 0. 0. 3.]
 [0. 2. 0. 0. 0. 0. 0. 0. 0. 0. 3.]
 [0. 2. 0. 0. 0. 0. 0. 0. 0. 0. 3.]
 [0. 2. 0. 0. 0. 0. 0. 0. 0. 0. 3.]
 [1. 2. 0. 1. 0. 0. 0. 1. 0. 0. 3.]
 [0. 2. 0. 0. 0. 0. 0. 0. 0. 0. 3.]
 [0. 2. 0. 0. 0. 0. 0. 0. 0. 0. 3.]
 [0. 2. 0. 0. 0. 0. 0. 0. 0. 0. 3.]
 [0. 2. 0. 0. 0. 0. 0. 0. 0. 0. 3.]
 [1. 2. 0. 0. 0. 0. 0. 1. 0. 0. 3.]
 [0. 2. 0. 0. 0. 0. 0. 0. 0. 0. 3.]]
2
[[0. 2. 0. 0. 0. 0. 0. 0. 0. 0. 3.]
 [0. 2. 0. 1. 0. 0. 0. 0. 0. 0. 3.]
 [0. 2. 0. 0. 0. 0. 0. 0. 0. 0. 3.]
 [0. 2. 0. 0. 0. 0. 0. 0. 0. 0. 3.]
 [1. 2. 0. 0. 0. 0. 0. 0. 0. 0. 3.]
 [0. 2. 0. 0. 0. 0. 0. 0. 0. 0. 3.]
 [0. 2. 0. 0. 0. 0. 0. 0. 0. 0. 3.]
 [0. 2. 0. 0. 0. 0. 0. 0. 0. 0. 3.]
 [1. 2. 0. 1. 0. 0. 0. 1. 0. 0. 3.]
 [0. 2. 0. 0. 0. 0. 0. 0. 0. 0. 3.]
 [0. 2. 0. 0. 0. 0. 0. 0. 0. 0. 3.]
 [0. 2. 0. 0. 0. 0. 0. 0. 0. 0. 3.]
 [0. 2. 0. 0. 0. 0. 0. 0. 0. 0. 3.]
 [1. 2. 0. 0. 0. 0. 0. 1. 0. 0. 3.]
 [0. 2. 0. 0. 0. 0. 0. 0. 0. 0. 3.]]
2
2
diff_data:
    agent  day  idx                         text  turn  type
0      11    3    0  ESTIMATE Agent[01] WEREWOLF     0  talk
1      13    3    1  ESTIMATE Agent[10] WEREWOLF     0  talk
2      15    3    2               VOTE Agent[02]     0  talk
3      12    3    3  ESTIMATE Agent[04] WEREWOLF     0  talk
4       6    3    4               VOTE Agent[08]     0  talk
5       1    3    5               VOTE Agent[06]     0  talk
6       2    3    6               VOTE Agent[13]     0  talk
7      10    3    7               VOTE Agent[11]     0  talk
8       7    3    8               VOTE Agent[12]     0  talk
9       8    3    9               VOTE Agent[13]     0  talk
10      3    3   10               VOTE Agent[11]     0  talk
11      4    3   11               VOTE Agent[12]     0  talk
[[0. 2. 0. 0. 0. 0. 0. 0. 0. 0. 3.]
 [0. 2. 0. 1. 0. 0. 0. 0. 0. 0. 3.]
 [0. 2. 0. 0. 0. 0. 0. 0. 0. 0. 3.]
 [0. 2. 0. 0. 0. 0. 0. 0. 0. 0. 3.]
 [1. 2. 0. 0. 0. 0. 0. 0. 0. 0. 3.]
 [0. 2. 0. 0. 0. 0. 0. 0. 0. 0. 3.]
 [0. 2. 0. 0. 0. 0. 0. 0. 0. 0. 3.]
 [0. 2. 0. 0. 0. 0. 0. 0. 0. 0. 3.]
 [1. 2. 0. 1. 0. 0. 0. 1. 0. 0. 3.]
 [0. 2. 0. 0. 0. 0. 0. 0. 0. 0. 3.]
 [0. 2. 0. 0. 0. 0. 0. 0. 0. 0. 3.]
 [0. 2. 0. 0. 0. 0. 0. 0. 0. 0. 3.]
 [0. 2. 0. 0. 0. 0. 0. 0. 0. 0. 3.]
 [1. 2. 0. 0. 0. 0. 0. 1. 0. 0. 3.]
 [0. 2. 0. 0. 0. 0. 0. 0. 0. 0. 3.]]
2
diff_data:
    agent  day  idx            text  turn  type
0       1    3   12            Skip     1  talk
1      11    3   13  VOTE Agent[01]     1  talk
2       2    3   14            Skip     1  talk
3      13    3   15  VOTE Agent[10]     1  talk
4       3    3   16            Skip     1  talk
5       8    3   17            Skip     1  talk
6       7    3   18            Skip     1  talk
7       4    3   19            Skip     1  talk
8      15    3   20            Skip     1  talk
9      12    3   21  VOTE Agent[04]     1  talk
10      6    3   22            Skip     1  talk
11     10    3   23            Skip     1  talk
[[0. 2. 0. 0. 0. 0. 0. 0. 0. 0. 3.]
 [0. 2. 0. 1. 0. 0. 0. 0. 0. 0. 3.]
 [0. 2. 0. 0. 0. 0. 0. 0. 0. 0. 3.]
 [0. 2. 0. 0. 0. 0. 0. 0. 0. 0. 3.]
 [1. 2. 0. 0. 0. 0. 0. 0. 0. 0. 3.]
 [0. 2. 0. 0. 0. 0. 0. 0. 0. 0. 3.]
 [0. 2. 0. 0. 0. 0. 0. 0. 0. 0. 3.]
 [0. 2. 0. 0. 0. 0. 0. 0. 0. 0. 3.]
 [1. 2. 0. 1. 0. 0. 0. 1. 0. 0. 3.]
 [0. 2. 0. 0. 0. 0. 0. 0. 0. 0. 3.]
 [0. 2. 0. 0. 0. 0. 0. 0. 0. 0. 3.]
 [0. 2. 0. 0. 0. 0. 0. 0. 0. 0. 3.]
 [0. 2. 0. 0. 0. 0. 0. 0. 0. 0. 3.]
 [1. 2. 0. 0. 0. 0. 0. 1. 0. 0. 3.]
 [0. 2. 0. 0. 0. 0. 0. 0. 0. 0. 3.]]
2
diff_data:
    agent  day  idx  text  turn  type
0       6    3   24  Skip     2  talk
1      13    3   25  Skip     2  talk
2       8    3   26  Skip     2  talk
3      15    3   27  Skip     2  talk
4      12    3   28  Skip     2  talk
5       3    3   29  Skip     2  talk
6      11    3   30  Skip     2  talk
7       2    3   31  Skip     2  talk
8       4    3   32  Skip     2  talk
9       7    3   33  Skip     2  talk
10     10    3   34  Skip     2  talk
11      1    3   35  Skip     2  talk
[[0. 2. 0. 0. 0. 0. 0. 0. 0. 0. 3.]
 [0. 2. 0. 1. 0. 0. 0. 0. 0. 0. 3.]
 [0. 2. 0. 0. 0. 0. 0. 0. 0. 0. 3.]
 [0. 2. 0. 0. 0. 0. 0. 0. 0. 0. 3.]
 [1. 2. 0. 0. 0. 0. 0. 0. 0. 0. 3.]
 [0. 2. 0. 0. 0. 0. 0. 0. 0. 0. 3.]
 [0. 2. 0. 0. 0. 0. 0. 0. 0. 0. 3.]
 [0. 2. 0. 0. 0. 0. 0. 0. 0. 0. 3.]
 [1. 2. 0. 1. 0. 0. 0. 1. 0. 0. 3.]
 [0. 2. 0. 0. 0. 0. 0. 0. 0. 0. 3.]
 [0. 2. 0. 0. 0. 0. 0. 0. 0. 0. 3.]
 [0. 2. 0. 0. 0. 0. 0. 0. 0. 0. 3.]
 [0. 2. 0. 0. 0. 0. 0. 0. 0. 0. 3.]
 [1. 2. 0. 0. 0. 0. 0. 1. 0. 0. 3.]
 [0. 2. 0. 0. 0. 0. 0. 0. 0. 0. 3.]]
2
diff_data:
    agent  day  idx                        text  turn  type
0       1    3   36                        Over     3  talk
1       4    3   37                        Over     3  talk
2      15    3   38                        Over     3  talk
3      12    3   39  COMINGOUT Agent[12] MEDIUM     3  talk
4       8    3   40                        Over     3  talk
5       7    3   41                        Over     3  talk
6       3    3   42                        Over     3  talk
7       2    3   43                        Over     3  talk
8       6    3   44                        Over     3  talk
9      10    3   45                        Over     3  talk
10     11    3   46                        Skip     3  talk
11     13    3   47                        Skip     3  talk
[[0. 2. 1. 0. 0. 0. 0. 0. 0. 0. 3.]
 [0. 2. 1. 1. 0. 0. 0. 0. 0. 0. 3.]
 [0. 2. 1. 0. 0. 0. 0. 0. 0. 0. 3.]
 [0. 2. 1. 0. 0. 0. 0. 0. 0. 0. 3.]
 [1. 2. 1. 0. 0. 0. 0. 0. 0. 0. 3.]
 [0. 2. 1. 0. 0. 0. 0. 0. 0. 0. 3.]
 [0. 2. 1. 0. 0. 0. 0. 0. 0. 0. 3.]
 [0. 2. 1. 0. 0. 0. 0. 0. 0. 0. 3.]
 [1. 2. 1. 1. 0. 0. 0. 1. 0. 0. 3.]
 [0. 2. 1. 0. 0. 0. 0. 0. 0. 0. 3.]
 [0. 2. 1. 0. 0. 0. 0. 0. 0. 0. 3.]
 [0. 2. 1. 0. 0. 0. 0. 0. 0. 0. 3.]
 [0. 2. 1. 0. 0. 0. 0. 0. 0. 0. 3.]
 [1. 2. 1. 0. 0. 0. 0. 1. 0. 0. 3.]
 [0. 2. 1. 0. 0. 0. 0. 0. 0. 0. 3.]]
2
diff_data:
    agent  day  idx                           text  turn  type
0       2    3   48                           Over     4  talk
1       7    3   49                           Over     4  talk
2      12    3   50  IDENTIFIED Agent[14] WEREWOLF     4  talk
3       1    3   51                           Over     4  talk
4       6    3   52                           Over     4  talk
5       3    3   53                           Over     4  talk
6      13    3   54                           Over     4  talk
7       8    3   55                           Over     4  talk
8      11    3   56                           Over     4  talk
9       4    3   57                           Over     4  talk
10     15    3   58                           Over     4  talk
11     10    3   59                           Over     4  talk
[[0. 2. 1. 0. 0. 0. 0. 0. 0. 0. 3.]
 [0. 2. 1. 1. 0. 0. 0. 0. 0. 0. 3.]
 [0. 2. 1. 0. 0. 0. 0. 0. 0. 0. 3.]
 [0. 2. 1. 0. 0. 0. 0. 0. 0. 0. 3.]
 [1. 2. 1. 0. 0. 0. 0. 0. 0. 0. 3.]
 [0. 2. 1. 0. 0. 0. 0. 0. 0. 0. 3.]
 [0. 2. 1. 0. 0. 0. 0. 0. 0. 0. 3.]
 [0. 2. 1. 0. 0. 0. 0. 0. 0. 0. 3.]
 [1. 2. 1. 1. 0. 0. 0. 1. 0. 0. 3.]
 [0. 2. 1. 0. 0. 0. 0. 0. 0. 0. 3.]
 [0. 2. 1. 0. 0. 0. 0. 0. 0. 0. 3.]
 [0. 2. 1. 0. 0. 0. 0. 0. 0. 0. 3.]
 [0. 2. 1. 0. 0. 0. 0. 0. 0. 0. 3.]
 [1. 2. 1. 0. 0. 0. 0. 1. 0. 0. 3.]
 [0. 2. 1. 0. 0. 0. 0. 0. 0. 0. 3.]]
2
diff_data:
    agent  day  idx                           text  turn  type
0      15    3   60                           Over     5  talk
1       2    3   61                           Over     5  talk
2       8    3   62                           Over     5  talk
3      10    3   63                           Over     5  talk
4       6    3   64                           Over     5  talk
5       3    3   65                           Over     5  talk
6      11    3   66                           Over     5  talk
7      12    3   67  IDENTIFIED Agent[09] WEREWOLF     5  talk
8       1    3   68                           Over     5  talk
9       7    3   69                           Over     5  talk
10      4    3   70                           Over     5  talk
11     13    3   71                           Over     5  talk
[[0. 2. 1. 0. 0. 0. 0. 0. 0. 0. 3.]
 [0. 2. 1. 1. 0. 0. 0. 0. 0. 0. 3.]
 [0. 2. 1. 0. 0. 0. 0. 0. 0. 0. 3.]
 [0. 2. 1. 0. 0. 0. 0. 0. 0. 0. 3.]
 [1. 2. 1. 0. 0. 0. 0. 0. 0. 0. 3.]
 [0. 2. 1. 0. 0. 0. 0. 0. 0. 0. 3.]
 [0. 2. 1. 0. 0. 0. 0. 0. 0. 0. 3.]
 [0. 2. 1. 0. 0. 0. 0. 0. 0. 0. 3.]
 [1. 2. 1. 1. 0. 0. 0. 1. 0. 0. 3.]
 [0. 2. 1. 0. 0. 0. 0. 0. 0. 0. 3.]
 [0. 2. 1. 0. 0. 0. 0. 0. 0. 0. 3.]
 [0. 2. 1. 0. 0. 0. 0. 0. 0. 0. 3.]
 [0. 2. 1. 0. 0. 0. 0. 0. 0. 0. 3.]
 [1. 2. 1. 0. 0. 0. 0. 1. 0. 0. 3.]
 [0. 2. 1. 0. 0. 0. 0. 0. 0. 0. 3.]]
2
diff_data:
    agent  day  idx  text  turn  type
0       2    3   72  Over     6  talk
1       1    3   73  Over     6  talk
2      10    3   74  Over     6  talk
3      11    3   75  Over     6  talk
4      13    3   76  Over     6  talk
5       3    3   77  Over     6  talk
6       8    3   78  Over     6  talk
7       6    3   79  Over     6  talk
8      15    3   80  Over     6  talk
9       4    3   81  Over     6  talk
10     12    3   82  Skip     6  talk
11      7    3   83  Over     6  talk
[[0. 2. 1. 0. 0. 0. 0. 0. 0. 0. 3.]
 [0. 2. 1. 1. 0. 0. 0. 0. 0. 0. 3.]
 [0. 2. 1. 0. 0. 0. 0. 0. 0. 0. 3.]
 [0. 2. 1. 0. 0. 0. 0. 0. 0. 0. 3.]
 [1. 2. 1. 0. 0. 0. 0. 0. 0. 0. 3.]
 [0. 2. 1. 0. 0. 0. 0. 0. 0. 0. 3.]
 [0. 2. 1. 0. 0. 0. 0. 0. 0. 0. 3.]
 [0. 2. 1. 0. 0. 0. 0. 0. 0. 0. 3.]
 [1. 2. 1. 1. 0. 0. 0. 1. 0. 0. 3.]
 [0. 2. 1. 0. 0. 0. 0. 0. 0. 0. 3.]
 [0. 2. 1. 0. 0. 0. 0. 0. 0. 0. 3.]
 [0. 2. 1. 0. 0. 0. 0. 0. 0. 0. 3.]
 [0. 2. 1. 0. 0. 0. 0. 0. 0. 0. 3.]
 [1. 2. 1. 0. 0. 0. 0. 1. 0. 0. 3.]
 [0. 2. 1. 0. 0. 0. 0. 0. 0. 0. 3.]]
2
diff_data:
    agent  day  idx  text  turn  type
0       6    3   84  Over     7  talk
1      13    3   85  Over     7  talk
2      11    3   86  Over     7  talk
3       3    3   87  Over     7  talk
4       2    3   88  Over     7  talk
5      12    3   89  Skip     7  talk
6       7    3   90  Over     7  talk
7       8    3   91  Over     7  talk
8       4    3   92  Over     7  talk
9      10    3   93  Over     7  talk
10     15    3   94  Over     7  talk
11      1    3   95  Over     7  talk
[[0. 2. 1. 0. 0. 0. 0. 0. 0. 0. 3.]
 [0. 2. 1. 1. 0. 0. 0. 0. 0. 0. 3.]
 [0. 2. 1. 0. 0. 0. 0. 0. 0. 0. 3.]
 [0. 2. 1. 0. 0. 0. 0. 0. 0. 0. 3.]
 [1. 2. 1. 0. 0. 0. 0. 0. 0. 0. 3.]
 [0. 2. 1. 0. 0. 0. 0. 0. 0. 0. 3.]
 [0. 2. 1. 0. 0. 0. 0. 0. 0. 0. 3.]
 [0. 2. 1. 0. 0. 0. 0. 0. 0. 0. 3.]
 [1. 2. 1. 1. 0. 0. 0. 1. 0. 0. 3.]
 [0. 2. 1. 0. 0. 0. 0. 0. 0. 0. 3.]
 [0. 2. 1. 0. 0. 0. 0. 0. 0. 0. 3.]
 [0. 2. 1. 0. 0. 0. 0. 0. 0. 0. 3.]
 [0. 2. 1. 0. 0. 0. 0. 0. 0. 0. 3.]
 [1. 2. 1. 0. 0. 0. 0. 1. 0. 0. 3.]
 [0. 2. 1. 0. 0. 0. 0. 0. 0. 0. 3.]]
2
diff_data:
    agent  day  idx  text  turn  type
0      11    3   96  Over     8  talk
1       6    3   97  Over     8  talk
2      15    3   98  Over     8  talk
3       3    3   99  Over     8  talk
4       4    3  100  Over     8  talk
5      13    3  101  Over     8  talk
6       2    3  102  Over     8  talk
7       8    3  103  Over     8  talk
8      10    3  104  Over     8  talk
9       7    3  105  Over     8  talk
10      1    3  106  Over     8  talk
11     12    3  107  Over     8  talk
diff_data:
Empty DataFrame
Columns: [agent, day, idx, text, turn, type]
Index: []
[[0. 2. 1. 0. 0. 0. 0. 0. 0. 0. 3.]
 [0. 2. 1. 1. 0. 0. 0. 0. 0. 0. 3.]
 [0. 2. 1. 0. 0. 0. 0. 0. 0. 0. 3.]
 [0. 2. 1. 0. 0. 0. 0. 0. 0. 0. 3.]
 [1. 2. 1. 0. 0. 0. 0. 0. 0. 0. 3.]
 [0. 2. 1. 0. 0. 0. 0. 0. 0. 0. 3.]
 [0. 2. 1. 0. 0. 0. 0. 0. 0. 0. 3.]
 [0. 2. 1. 0. 0. 0. 0. 0. 0. 0. 3.]
 [1. 2. 1. 1. 0. 0. 0. 1. 0. 0. 3.]
 [0. 2. 1. 0. 0. 0. 0. 0. 0. 0. 3.]
 [0. 2. 1. 0. 0. 0. 0. 0. 0. 0. 3.]
 [0. 2. 1. 0. 0. 0. 0. 0. 0. 0. 3.]
 [0. 2. 1. 0. 0. 0. 0. 0. 0. 0. 3.]
 [1. 2. 1. 0. 0. 0. 0. 1. 0. 0. 3.]
 [0. 2. 1. 0. 0. 0. 0. 0. 0. 0. 3.]]
2
diff_data:
    agent  day  idx            text  turn  type
0       6    3    1  VOTE Agent[06]    -1  vote
1      13    3    2  VOTE Agent[13]    -1  vote
2      11    3    3  VOTE Agent[11]    -1  vote
3      12    3    4  VOTE Agent[12]    -1  vote
4       8    3    6  VOTE Agent[08]    -1  vote
5      12    3    7  VOTE Agent[12]    -1  vote
6      13    3    8  VOTE Agent[13]    -1  vote
7      11    3   10  VOTE Agent[11]    -1  vote
8       1    3   11  VOTE Agent[01]    -1  vote
9       4    3   12  VOTE Agent[04]    -1  vote
10     10    3   13  VOTE Agent[10]    -1  vote
11      2    3   15  VOTE Agent[02]    -1  vote
[[0. 2. 1. 0. 0. 0. 0. 0. 0. 0. 3.]
 [0. 2. 1. 1. 0. 0. 0. 0. 0. 0. 3.]
 [0. 2. 1. 0. 0. 0. 0. 0. 0. 0. 3.]
 [0. 2. 1. 0. 0. 0. 0. 0. 0. 0. 3.]
 [1. 2. 1. 0. 0. 0. 0. 0. 0. 0. 3.]
 [0. 2. 1. 0. 0. 0. 0. 0. 0. 0. 3.]
 [0. 2. 1. 0. 0. 0. 0. 0. 0. 0. 3.]
 [0. 2. 1. 0. 0. 0. 0. 0. 0. 0. 3.]
 [1. 2. 1. 1. 0. 0. 0. 1. 0. 0. 3.]
 [0. 2. 1. 0. 0. 0. 0. 0. 0. 0. 3.]
 [0. 2. 1. 0. 0. 0. 0. 0. 0. 0. 3.]
 [0. 2. 1. 0. 0. 0. 0. 0. 0. 0. 3.]
 [0. 2. 1. 0. 0. 0. 0. 0. 0. 0. 3.]
 [1. 2. 1. 0. 0. 0. 0. 1. 0. 0. 3.]
 [0. 2. 1. 0. 0. 0. 0. 0. 0. 0. 3.]]
2
diff_data:
    agent  day  idx                           text  turn      type
0       6    3    1                 VOTE Agent[06]     0      vote
1      13    3    2                 VOTE Agent[13]     0      vote
2      11    3    3                 VOTE Agent[11]     0      vote
3      12    3    4                 VOTE Agent[12]     0      vote
4       8    3    6                 VOTE Agent[08]     0      vote
5      12    3    7                 VOTE Agent[12]     0      vote
6      13    3    8                 VOTE Agent[13]     0      vote
7      11    3   10                 VOTE Agent[11]     0      vote
8       1    3   11                 VOTE Agent[01]     0      vote
9       4    3   12                 VOTE Agent[04]     0      vote
10     10    3   13                 VOTE Agent[10]     0      vote
11      2    3   15                 VOTE Agent[02]     0      vote
12     12    3    0                           Over     0   execute
13     12    4   15  IDENTIFIED Agent[12] WEREWOLF     0  identify
14     10    4    0                           Over     0      dead
[[0. 2. 1. 0. 0. 0. 0. 0. 0. 0. 3.]
 [0. 2. 1. 1. 0. 0. 0. 0. 0. 0. 3.]
 [0. 2. 1. 0. 0. 0. 0. 0. 0. 0. 3.]
 [0. 2. 1. 0. 0. 0. 0. 0. 0. 0. 3.]
 [1. 2. 1. 0. 0. 0. 0. 0. 0. 0. 3.]
 [0. 2. 1. 0. 0. 0. 0. 0. 0. 0. 3.]
 [0. 2. 1. 0. 0. 0. 0. 0. 0. 0. 3.]
 [0. 2. 1. 0. 0. 0. 0. 0. 0. 0. 3.]
 [1. 2. 1. 1. 0. 0. 0. 1. 0. 0. 3.]
 [0. 2. 1. 0. 0. 0. 0. 0. 0. 0. 3.]
 [0. 2. 1. 0. 0. 0. 0. 0. 0. 0. 3.]
 [0. 2. 1. 0. 0. 0. 0. 0. 0. 0. 3.]
 [0. 2. 1. 0. 0. 0. 0. 0. 0. 0. 3.]
 [1. 2. 1. 0. 0. 0. 0. 1. 0. 0. 3.]
 [0. 2. 1. 0. 0. 0. 0. 0. 0. 0. 3.]]
diff_data:
Empty DataFrame
Columns: [agent, day, idx, text, turn, type]
Index: []
[[0. 2. 1. 0. 0. 0. 0. 0. 0. 0. 4.]
 [0. 2. 1. 1. 0. 0. 0. 0. 0. 0. 4.]
 [0. 2. 1. 0. 0. 0. 0. 0. 0. 0. 4.]
 [0. 2. 1. 0. 0. 0. 0. 0. 0. 0. 4.]
 [1. 2. 1. 0. 0. 0. 0. 0. 0. 0. 4.]
 [0. 2. 1. 0. 0. 0. 0. 0. 0. 0. 4.]
 [0. 2. 1. 0. 0. 0. 0. 0. 0. 0. 4.]
 [0. 2. 1. 0. 0. 0. 0. 0. 0. 0. 4.]
 [1. 2. 1. 1. 0. 0. 0. 1. 0. 0. 4.]
 [1. 2. 1. 0. 0. 0. 0. 0. 0. 0. 4.]
 [0. 2. 1. 0. 0. 0. 0. 0. 0. 0. 4.]
 [1. 2. 1. 0. 0. 0. 0. 0. 0. 0. 4.]
 [0. 2. 1. 0. 0. 0. 0. 0. 0. 0. 4.]
 [1. 2. 1. 0. 0. 0. 0. 1. 0. 0. 4.]
 [0. 2. 1. 0. 0. 0. 0. 0. 0. 0. 4.]]
2
[[0. 2. 1. 0. 0. 0. 0. 0. 0. 0. 4.]
 [0. 2. 1. 1. 0. 0. 0. 0. 0. 0. 4.]
 [0. 2. 1. 0. 0. 0. 0. 0. 0. 0. 4.]
 [0. 2. 1. 0. 0. 0. 0. 0. 0. 0. 4.]
 [1. 2. 1. 0. 0. 0. 0. 0. 0. 0. 4.]
 [0. 2. 1. 0. 0. 0. 0. 0. 0. 0. 4.]
 [0. 2. 1. 0. 0. 0. 0. 0. 0. 0. 4.]
 [0. 2. 1. 0. 0. 0. 0. 0. 0. 0. 4.]
 [1. 2. 1. 1. 0. 0. 0. 1. 0. 0. 4.]
 [1. 2. 1. 0. 0. 0. 0. 0. 0. 0. 4.]
 [0. 2. 1. 0. 0. 0. 0. 0. 0. 0. 4.]
 [1. 2. 1. 0. 0. 0. 0. 0. 0. 0. 4.]
 [0. 2. 1. 0. 0. 0. 0. 0. 0. 0. 4.]
 [1. 2. 1. 0. 0. 0. 0. 1. 0. 0. 4.]
 [0. 2. 1. 0. 0. 0. 0. 0. 0. 0. 4.]]
2
2
diff_data:
   agent  day  idx                         text  turn  type
0     15    4    0               VOTE Agent[02]     0  talk
1      3    4    1               VOTE Agent[04]     0  talk
2      7    4    2               VOTE Agent[03]     0  talk
3      2    4    3               VOTE Agent[08]     0  talk
4     13    4    4  ESTIMATE Agent[04] WEREWOLF     0  talk
5     11    4    5  ESTIMATE Agent[03] WEREWOLF     0  talk
6      4    4    6               VOTE Agent[11]     0  talk
7      8    4    7               VOTE Agent[13]     0  talk
8      1    4    8               VOTE Agent[06]     0  talk
9      6    4    9               VOTE Agent[13]     0  talk
[[0. 2. 1. 0. 0. 0. 0. 0. 0. 0. 4.]
 [0. 2. 1. 1. 0. 0. 0. 0. 0. 0. 4.]
 [0. 2. 1. 0. 0. 0. 0. 0. 0. 0. 4.]
 [0. 2. 1. 0. 0. 0. 0. 0. 0. 0. 4.]
 [1. 2. 1. 0. 0. 0. 0. 0. 0. 0. 4.]
 [0. 2. 1. 0. 0. 0. 0. 0. 0. 0. 4.]
 [0. 2. 1. 0. 0. 0. 0. 0. 0. 0. 4.]
 [0. 2. 1. 0. 0. 0. 0. 0. 0. 0. 4.]
 [1. 2. 1. 1. 0. 0. 0. 1. 0. 0. 4.]
 [1. 2. 1. 0. 0. 0. 0. 0. 0. 0. 4.]
 [0. 2. 1. 0. 0. 0. 0. 0. 0. 0. 4.]
 [1. 2. 1. 0. 0. 0. 0. 0. 0. 0. 4.]
 [0. 2. 1. 0. 0. 0. 0. 0. 0. 0. 4.]
 [1. 2. 1. 0. 0. 0. 0. 1. 0. 0. 4.]
 [0. 2. 1. 0. 0. 0. 0. 0. 0. 0. 4.]]
2
diff_data:
   agent  day  idx            text  turn  type
0      2    4   10            Skip     1  talk
1      4    4   11            Skip     1  talk
2     13    4   12  VOTE Agent[04]     1  talk
3      8    4   13            Skip     1  talk
4      3    4   14            Skip     1  talk
5     15    4   15            Skip     1  talk
6      6    4   16            Skip     1  talk
7      1    4   17            Skip     1  talk
8      7    4   18            Skip     1  talk
9     11    4   19  VOTE Agent[03]     1  talk
[[0. 2. 1. 0. 0. 0. 0. 0. 0. 0. 4.]
 [0. 2. 1. 1. 0. 0. 0. 0. 0. 0. 4.]
 [0. 2. 1. 0. 0. 0. 0. 0. 0. 0. 4.]
 [0. 2. 1. 0. 0. 0. 0. 0. 0. 0. 4.]
 [1. 2. 1. 0. 0. 0. 0. 0. 0. 0. 4.]
 [0. 2. 1. 0. 0. 0. 0. 0. 0. 0. 4.]
 [0. 2. 1. 0. 0. 0. 0. 0. 0. 0. 4.]
 [0. 2. 1. 0. 0. 0. 0. 0. 0. 0. 4.]
 [1. 2. 1. 1. 0. 0. 0. 1. 0. 0. 4.]
 [1. 2. 1. 0. 0. 0. 0. 0. 0. 0. 4.]
 [0. 2. 1. 0. 0. 0. 0. 0. 0. 0. 4.]
 [1. 2. 1. 0. 0. 0. 0. 0. 0. 0. 4.]
 [0. 2. 1. 0. 0. 0. 0. 0. 0. 0. 4.]
 [1. 2. 1. 0. 0. 0. 0. 1. 0. 0. 4.]
 [0. 2. 1. 0. 0. 0. 0. 0. 0. 0. 4.]]
2
diff_data:
   agent  day  idx  text  turn  type
0      4    4   20  Skip     2  talk
1      2    4   21  Skip     2  talk
2     15    4   22  Skip     2  talk
3      6    4   23  Skip     2  talk
4      8    4   24  Skip     2  talk
5      3    4   25  Skip     2  talk
6      7    4   26  Skip     2  talk
7     13    4   27  Skip     2  talk
8      1    4   28  Skip     2  talk
9     11    4   29  Skip     2  talk
[[0. 2. 1. 0. 0. 0. 0. 0. 0. 0. 4.]
 [0. 2. 1. 1. 0. 0. 0. 0. 0. 0. 4.]
 [0. 2. 1. 0. 0. 0. 0. 0. 0. 0. 4.]
 [0. 2. 1. 0. 0. 0. 0. 0. 0. 0. 4.]
 [1. 2. 1. 0. 0. 0. 0. 0. 0. 0. 4.]
 [0. 2. 1. 0. 0. 0. 0. 0. 0. 0. 4.]
 [0. 2. 1. 0. 0. 0. 0. 0. 0. 0. 4.]
 [0. 2. 1. 0. 0. 0. 0. 0. 0. 0. 4.]
 [1. 2. 1. 1. 0. 0. 0. 1. 0. 0. 4.]
 [1. 2. 1. 0. 0. 0. 0. 0. 0. 0. 4.]
 [0. 2. 1. 0. 0. 0. 0. 0. 0. 0. 4.]
 [1. 2. 1. 0. 0. 0. 0. 0. 0. 0. 4.]
 [0. 2. 1. 0. 0. 0. 0. 0. 0. 0. 4.]
 [1. 2. 1. 0. 0. 0. 0. 1. 0. 0. 4.]
 [0. 2. 1. 0. 0. 0. 0. 0. 0. 0. 4.]]
2
diff_data:
   agent  day  idx  text  turn  type
0      6    4   30  Over     3  talk
1      1    4   31  Over     3  talk
2      7    4   32  Over     3  talk
3     13    4   33  Skip     3  talk
4     15    4   34  Over     3  talk
5      8    4   35  Over     3  talk
6     11    4   36  Skip     3  talk
7      4    4   37  Over     3  talk
8      2    4   38  Over     3  talk
9      3    4   39  Over     3  talk
[[0. 2. 1. 0. 0. 0. 0. 0. 0. 0. 4.]
 [0. 2. 1. 1. 0. 0. 0. 0. 0. 0. 4.]
 [0. 2. 1. 0. 0. 0. 0. 0. 0. 0. 4.]
 [0. 2. 1. 0. 0. 0. 0. 0. 0. 0. 4.]
 [1. 2. 1. 0. 0. 0. 0. 0. 0. 0. 4.]
 [0. 2. 1. 0. 0. 0. 0. 0. 0. 0. 4.]
 [0. 2. 1. 0. 0. 0. 0. 0. 0. 0. 4.]
 [0. 2. 1. 0. 0. 0. 0. 0. 0. 0. 4.]
 [1. 2. 1. 1. 0. 0. 0. 1. 0. 0. 4.]
 [1. 2. 1. 0. 0. 0. 0. 0. 0. 0. 4.]
 [0. 2. 1. 0. 0. 0. 0. 0. 0. 0. 4.]
 [1. 2. 1. 0. 0. 0. 0. 0. 0. 0. 4.]
 [0. 2. 1. 0. 0. 0. 0. 0. 0. 0. 4.]
 [1. 2. 1. 0. 0. 0. 0. 1. 0. 0. 4.]
 [0. 2. 1. 0. 0. 0. 0. 0. 0. 0. 4.]]
2
diff_data:
   agent  day  idx  text  turn  type
0     13    4   40  Over     4  talk
1      2    4   41  Over     4  talk
2      7    4   42  Over     4  talk
3      6    4   43  Over     4  talk
4     11    4   44  Over     4  talk
5      3    4   45  Over     4  talk
6      8    4   46  Over     4  talk
7      4    4   47  Over     4  talk
8     15    4   48  Over     4  talk
9      1    4   49  Over     4  talk
diff_data:
Empty DataFrame
Columns: [agent, day, idx, text, turn, type]
Index: []
[[0. 2. 1. 0. 0. 0. 0. 0. 0. 0. 4.]
 [0. 2. 1. 1. 0. 0. 0. 0. 0. 0. 4.]
 [0. 2. 1. 0. 0. 0. 0. 0. 0. 0. 4.]
 [0. 2. 1. 0. 0. 0. 0. 0. 0. 0. 4.]
 [1. 2. 1. 0. 0. 0. 0. 0. 0. 0. 4.]
 [0. 2. 1. 0. 0. 0. 0. 0. 0. 0. 4.]
 [0. 2. 1. 0. 0. 0. 0. 0. 0. 0. 4.]
 [0. 2. 1. 0. 0. 0. 0. 0. 0. 0. 4.]
 [1. 2. 1. 1. 0. 0. 0. 1. 0. 0. 4.]
 [1. 2. 1. 0. 0. 0. 0. 0. 0. 0. 4.]
 [0. 2. 1. 0. 0. 0. 0. 0. 0. 0. 4.]
 [1. 2. 1. 0. 0. 0. 0. 0. 0. 0. 4.]
 [0. 2. 1. 0. 0. 0. 0. 0. 0. 0. 4.]
 [1. 2. 1. 0. 0. 0. 0. 1. 0. 0. 4.]
 [0. 2. 1. 0. 0. 0. 0. 0. 0. 0. 4.]]
2
diff_data:
   agent  day  idx            text  turn  type
0      6    4    1  VOTE Agent[06]    -1  vote
1      8    4    2  VOTE Agent[08]    -1  vote
2      4    4    3  VOTE Agent[04]    -1  vote
3     11    4    4  VOTE Agent[11]    -1  vote
4     13    4    6  VOTE Agent[13]    -1  vote
5      3    4    7  VOTE Agent[03]    -1  vote
6     13    4    8  VOTE Agent[13]    -1  vote
7      3    4   11  VOTE Agent[03]    -1  vote
8      4    4   13  VOTE Agent[04]    -1  vote
9      2    4   15  VOTE Agent[02]    -1  vote
[[0. 2. 1. 0. 0. 0. 0. 0. 0. 0. 4.]
 [0. 2. 1. 1. 0. 0. 0. 0. 0. 0. 4.]
 [0. 2. 1. 0. 0. 0. 0. 0. 0. 0. 4.]
 [0. 2. 1. 0. 0. 0. 0. 0. 0. 0. 4.]
 [1. 2. 1. 0. 0. 0. 0. 0. 0. 0. 4.]
 [0. 2. 1. 0. 0. 0. 0. 0. 0. 0. 4.]
 [0. 2. 1. 0. 0. 0. 0. 0. 0. 0. 4.]
 [0. 2. 1. 0. 0. 0. 0. 0. 0. 0. 4.]
 [1. 2. 1. 1. 0. 0. 0. 1. 0. 0. 4.]
 [1. 2. 1. 0. 0. 0. 0. 0. 0. 0. 4.]
 [0. 2. 1. 0. 0. 0. 0. 0. 0. 0. 4.]
 [1. 2. 1. 0. 0. 0. 0. 0. 0. 0. 4.]
 [0. 2. 1. 0. 0. 0. 0. 0. 0. 0. 4.]
 [1. 2. 1. 0. 0. 0. 0. 1. 0. 0. 4.]
 [0. 2. 1. 0. 0. 0. 0. 0. 0. 0. 4.]]
2
diff_data:
    agent  day  idx                        text  turn      type
0       6    4    1              VOTE Agent[06]     0      vote
1       8    4    2              VOTE Agent[08]     0      vote
2       4    4    3              VOTE Agent[04]     0      vote
3      11    4    4              VOTE Agent[11]     0      vote
4      13    4    6              VOTE Agent[13]     0      vote
5       3    4    7              VOTE Agent[03]     0      vote
6      13    4    8              VOTE Agent[13]     0      vote
7       3    4   11              VOTE Agent[03]     0      vote
8       4    4   13              VOTE Agent[04]     0      vote
9       2    4   15              VOTE Agent[02]     0      vote
10      3    4    0                        Over     0   execute
11      3    5   15  IDENTIFIED Agent[03] HUMAN     0  identify
12      6    5    0                        Over     0      dead
[[0. 2. 1. 0. 0. 0. 0. 0. 0. 0. 4.]
 [0. 2. 1. 1. 0. 0. 0. 0. 0. 0. 4.]
 [0. 2. 1. 0. 0. 0. 0. 0. 0. 0. 4.]
 [0. 2. 1. 0. 0. 0. 0. 0. 0. 0. 4.]
 [1. 2. 1. 0. 0. 0. 0. 0. 0. 0. 4.]
 [0. 2. 1. 0. 0. 0. 0. 0. 0. 0. 4.]
 [0. 2. 1. 0. 0. 0. 0. 0. 0. 0. 4.]
 [0. 2. 1. 0. 0. 0. 0. 0. 0. 0. 4.]
 [1. 2. 1. 1. 0. 0. 0. 1. 0. 0. 4.]
 [1. 2. 1. 0. 0. 0. 0. 0. 0. 0. 4.]
 [0. 2. 1. 0. 0. 0. 0. 0. 0. 0. 4.]
 [1. 2. 1. 0. 0. 0. 0. 0. 0. 0. 4.]
 [0. 2. 1. 0. 0. 0. 0. 0. 0. 0. 4.]
 [1. 2. 1. 0. 0. 0. 0. 1. 0. 0. 4.]
 [0. 2. 1. 0. 0. 0. 0. 0. 0. 0. 4.]]
diff_data:
Empty DataFrame
Columns: [agent, day, idx, text, turn, type]
Index: []
[[0. 2. 1. 0. 0. 0. 0. 0. 0. 0. 5.]
 [0. 2. 1. 1. 0. 0. 0. 0. 0. 0. 5.]
 [1. 2. 1. 0. 0. 0. 0. 0. 0. 0. 5.]
 [0. 2. 1. 0. 0. 0. 0. 0. 0. 0. 5.]
 [1. 2. 1. 0. 0. 0. 0. 0. 0. 0. 5.]
 [1. 2. 1. 0. 0. 0. 0. 0. 0. 0. 5.]
 [0. 2. 1. 0. 0. 0. 0. 0. 0. 0. 5.]
 [0. 2. 1. 0. 0. 0. 0. 0. 0. 0. 5.]
 [1. 2. 1. 1. 0. 0. 0. 1. 0. 0. 5.]
 [1. 2. 1. 0. 0. 0. 0. 0. 0. 0. 5.]
 [0. 2. 1. 0. 0. 0. 0. 0. 0. 0. 5.]
 [1. 2. 1. 0. 0. 0. 0. 0. 0. 0. 5.]
 [0. 2. 1. 0. 0. 0. 0. 0. 0. 0. 5.]
 [1. 2. 1. 0. 0. 0. 0. 1. 0. 0. 5.]
 [0. 2. 1. 0. 0. 0. 0. 0. 0. 0. 5.]]
2
[[0. 2. 1. 0. 0. 0. 0. 0. 0. 0. 5.]
 [0. 2. 1. 1. 0. 0. 0. 0. 0. 0. 5.]
 [1. 2. 1. 0. 0. 0. 0. 0. 0. 0. 5.]
 [0. 2. 1. 0. 0. 0. 0. 0. 0. 0. 5.]
 [1. 2. 1. 0. 0. 0. 0. 0. 0. 0. 5.]
 [1. 2. 1. 0. 0. 0. 0. 0. 0. 0. 5.]
 [0. 2. 1. 0. 0. 0. 0. 0. 0. 0. 5.]
 [0. 2. 1. 0. 0. 0. 0. 0. 0. 0. 5.]
 [1. 2. 1. 1. 0. 0. 0. 1. 0. 0. 5.]
 [1. 2. 1. 0. 0. 0. 0. 0. 0. 0. 5.]
 [0. 2. 1. 0. 0. 0. 0. 0. 0. 0. 5.]
 [1. 2. 1. 0. 0. 0. 0. 0. 0. 0. 5.]
 [0. 2. 1. 0. 0. 0. 0. 0. 0. 0. 5.]
 [1. 2. 1. 0. 0. 0. 0. 1. 0. 0. 5.]
 [0. 2. 1. 0. 0. 0. 0. 0. 0. 0. 5.]]
2
2
diff_data:
   agent  day  idx                         text  turn  type
0     13    5    0  ESTIMATE Agent[01] WEREWOLF     0  talk
1     15    5    1               VOTE Agent[02]     0  talk
2     11    5    2  ESTIMATE Agent[15] WEREWOLF     0  talk
3      7    5    3               VOTE Agent[08]     0  talk
4      2    5    4               VOTE Agent[11]     0  talk
5      8    5    5               VOTE Agent[01]     0  talk
6      1    5    6               VOTE Agent[02]     0  talk
7      4    5    7               VOTE Agent[02]     0  talk
[[0. 2. 1. 0. 0. 0. 0. 0. 0. 0. 5.]
 [0. 2. 1. 1. 0. 0. 0. 0. 0. 0. 5.]
 [1. 2. 1. 0. 0. 0. 0. 0. 0. 0. 5.]
 [0. 2. 1. 0. 0. 0. 0. 0. 0. 0. 5.]
 [1. 2. 1. 0. 0. 0. 0. 0. 0. 0. 5.]
 [1. 2. 1. 0. 0. 0. 0. 0. 0. 0. 5.]
 [0. 2. 1. 0. 0. 0. 0. 0. 0. 0. 5.]
 [0. 2. 1. 0. 0. 0. 0. 0. 0. 0. 5.]
 [1. 2. 1. 1. 0. 0. 0. 1. 0. 0. 5.]
 [1. 2. 1. 0. 0. 0. 0. 0. 0. 0. 5.]
 [0. 2. 1. 0. 0. 0. 0. 0. 0. 0. 5.]
 [1. 2. 1. 0. 0. 0. 0. 0. 0. 0. 5.]
 [0. 2. 1. 0. 0. 0. 0. 0. 0. 0. 5.]
 [1. 2. 1. 0. 0. 0. 0. 1. 0. 0. 5.]
 [0. 2. 1. 0. 0. 0. 0. 0. 0. 0. 5.]]
2
diff_data:
   agent  day  idx            text  turn  type
0      1    5    8            Skip     1  talk
1     11    5    9  VOTE Agent[15]     1  talk
2     13    5   10  VOTE Agent[01]     1  talk
3     15    5   11            Skip     1  talk
4      7    5   12            Skip     1  talk
5      4    5   13            Skip     1  talk
6      8    5   14            Skip     1  talk
7      2    5   15            Skip     1  talk
[[0. 2. 1. 0. 0. 0. 0. 0. 0. 0. 5.]
 [0. 2. 1. 1. 0. 0. 0. 0. 0. 0. 5.]
 [1. 2. 1. 0. 0. 0. 0. 0. 0. 0. 5.]
 [0. 2. 1. 0. 0. 0. 0. 0. 0. 0. 5.]
 [1. 2. 1. 0. 0. 0. 0. 0. 0. 0. 5.]
 [1. 2. 1. 0. 0. 0. 0. 0. 0. 0. 5.]
 [0. 2. 1. 0. 0. 0. 0. 0. 0. 0. 5.]
 [0. 2. 1. 0. 0. 0. 0. 0. 0. 0. 5.]
 [1. 2. 1. 1. 0. 0. 0. 1. 0. 0. 5.]
 [1. 2. 1. 0. 0. 0. 0. 0. 0. 0. 5.]
 [0. 2. 1. 0. 0. 0. 0. 0. 0. 0. 5.]
 [1. 2. 1. 0. 0. 0. 0. 0. 0. 0. 5.]
 [0. 2. 1. 0. 0. 0. 0. 0. 0. 0. 5.]
 [1. 2. 1. 0. 0. 0. 0. 1. 0. 0. 5.]
 [0. 2. 1. 0. 0. 0. 0. 0. 0. 0. 5.]]
2
diff_data:
   agent  day  idx  text  turn  type
0      4    5   16  Skip     2  talk
1      8    5   17  Skip     2  talk
2      2    5   18  Skip     2  talk
3     13    5   19  Skip     2  talk
4      1    5   20  Skip     2  talk
5     15    5   21  Skip     2  talk
6      7    5   22  Skip     2  talk
7     11    5   23  Skip     2  talk
[[0. 2. 1. 0. 0. 0. 0. 0. 0. 0. 5.]
 [0. 2. 1. 1. 0. 0. 0. 0. 0. 0. 5.]
 [1. 2. 1. 0. 0. 0. 0. 0. 0. 0. 5.]
 [0. 2. 1. 0. 0. 0. 0. 0. 0. 0. 5.]
 [1. 2. 1. 0. 0. 0. 0. 0. 0. 0. 5.]
 [1. 2. 1. 0. 0. 0. 0. 0. 0. 0. 5.]
 [0. 2. 1. 0. 0. 0. 0. 0. 0. 0. 5.]
 [0. 2. 1. 0. 0. 0. 0. 0. 0. 0. 5.]
 [1. 2. 1. 1. 0. 0. 0. 1. 0. 0. 5.]
 [1. 2. 1. 0. 0. 0. 0. 0. 0. 0. 5.]
 [0. 2. 1. 0. 0. 0. 0. 0. 0. 0. 5.]
 [1. 2. 1. 0. 0. 0. 0. 0. 0. 0. 5.]
 [0. 2. 1. 0. 0. 0. 0. 0. 0. 0. 5.]
 [1. 2. 1. 0. 0. 0. 0. 1. 0. 0. 5.]
 [0. 2. 1. 0. 0. 0. 0. 0. 0. 0. 5.]]
2
diff_data:
   agent  day  idx  text  turn  type
0      1    5   24  Over     3  talk
1     15    5   25  Over     3  talk
2      4    5   26  Over     3  talk
3      7    5   27  Over     3  talk
4     11    5   28  Skip     3  talk
5      2    5   29  Over     3  talk
6     13    5   30  Skip     3  talk
7      8    5   31  Over     3  talk
[[0. 2. 1. 0. 0. 0. 0. 0. 0. 0. 5.]
 [0. 2. 1. 1. 0. 0. 0. 0. 0. 0. 5.]
 [1. 2. 1. 0. 0. 0. 0. 0. 0. 0. 5.]
 [0. 2. 1. 0. 0. 0. 0. 0. 0. 0. 5.]
 [1. 2. 1. 0. 0. 0. 0. 0. 0. 0. 5.]
 [1. 2. 1. 0. 0. 0. 0. 0. 0. 0. 5.]
 [0. 2. 1. 0. 0. 0. 0. 0. 0. 0. 5.]
 [0. 2. 1. 0. 0. 0. 0. 0. 0. 0. 5.]
 [1. 2. 1. 1. 0. 0. 0. 1. 0. 0. 5.]
 [1. 2. 1. 0. 0. 0. 0. 0. 0. 0. 5.]
 [0. 2. 1. 0. 0. 0. 0. 0. 0. 0. 5.]
 [1. 2. 1. 0. 0. 0. 0. 0. 0. 0. 5.]
 [0. 2. 1. 0. 0. 0. 0. 0. 0. 0. 5.]
 [1. 2. 1. 0. 0. 0. 0. 1. 0. 0. 5.]
 [0. 2. 1. 0. 0. 0. 0. 0. 0. 0. 5.]]
2
diff_data:
   agent  day  idx  text  turn  type
0      2    5   32  Over     4  talk
1      1    5   33  Over     4  talk
2      7    5   34  Over     4  talk
3     13    5   35  Over     4  talk
4      4    5   36  Over     4  talk
5     15    5   37  Over     4  talk
6     11    5   38  Over     4  talk
7      8    5   39  Over     4  talk
diff_data:
Empty DataFrame
Columns: [agent, day, idx, text, turn, type]
Index: []
[[0. 2. 1. 0. 0. 0. 0. 0. 0. 0. 5.]
 [0. 2. 1. 1. 0. 0. 0. 0. 0. 0. 5.]
 [1. 2. 1. 0. 0. 0. 0. 0. 0. 0. 5.]
 [0. 2. 1. 0. 0. 0. 0. 0. 0. 0. 5.]
 [1. 2. 1. 0. 0. 0. 0. 0. 0. 0. 5.]
 [1. 2. 1. 0. 0. 0. 0. 0. 0. 0. 5.]
 [0. 2. 1. 0. 0. 0. 0. 0. 0. 0. 5.]
 [0. 2. 1. 0. 0. 0. 0. 0. 0. 0. 5.]
 [1. 2. 1. 1. 0. 0. 0. 1. 0. 0. 5.]
 [1. 2. 1. 0. 0. 0. 0. 0. 0. 0. 5.]
 [0. 2. 1. 0. 0. 0. 0. 0. 0. 0. 5.]
 [1. 2. 1. 0. 0. 0. 0. 0. 0. 0. 5.]
 [0. 2. 1. 0. 0. 0. 0. 0. 0. 0. 5.]
 [1. 2. 1. 0. 0. 0. 0. 1. 0. 0. 5.]
 [0. 2. 1. 0. 0. 0. 0. 0. 0. 0. 5.]]
2
diff_data:
    agent  day  idx                        text  turn      type
0       2    5    1              VOTE Agent[02]     0      vote
1      11    5    2              VOTE Agent[11]     0      vote
2       2    5    4              VOTE Agent[02]     0      vote
3       8    5    7              VOTE Agent[08]     0      vote
4       1    5    8              VOTE Agent[01]     0      vote
5      15    5   11              VOTE Agent[15]     0      vote
6       1    5   13              VOTE Agent[01]     0      vote
7       2    5   15              VOTE Agent[02]     0      vote
8       2    5    0                        Over     0   execute
9       2    6   15  IDENTIFIED Agent[02] HUMAN     0  identify
10      1    6    0                        Over     0      dead
[[0. 2. 1. 0. 0. 0. 0. 0. 0. 0. 5.]
 [0. 2. 1. 1. 0. 0. 0. 0. 0. 0. 5.]
 [1. 2. 1. 0. 0. 0. 0. 0. 0. 0. 5.]
 [0. 2. 1. 0. 0. 0. 0. 0. 0. 0. 5.]
 [1. 2. 1. 0. 0. 0. 0. 0. 0. 0. 5.]
 [1. 2. 1. 0. 0. 0. 0. 0. 0. 0. 5.]
 [0. 2. 1. 0. 0. 0. 0. 0. 0. 0. 5.]
 [0. 2. 1. 0. 0. 0. 0. 0. 0. 0. 5.]
 [1. 2. 1. 1. 0. 0. 0. 1. 0. 0. 5.]
 [1. 2. 1. 0. 0. 0. 0. 0. 0. 0. 5.]
 [0. 2. 1. 0. 0. 0. 0. 0. 0. 0. 5.]
 [1. 2. 1. 0. 0. 0. 0. 0. 0. 0. 5.]
 [0. 2. 1. 0. 0. 0. 0. 0. 0. 0. 5.]
 [1. 2. 1. 0. 0. 0. 0. 1. 0. 0. 5.]
 [0. 2. 1. 0. 0. 0. 0. 0. 0. 0. 5.]]
diff_data:
Empty DataFrame
Columns: [agent, day, idx, text, turn, type]
Index: []
[[1. 2. 1. 0. 0. 0. 0. 0. 0. 0. 6.]
 [1. 2. 1. 1. 0. 0. 0. 0. 0. 0. 6.]
 [1. 2. 1. 0. 0. 0. 0. 0. 0. 0. 6.]
 [0. 2. 1. 0. 0. 0. 0. 0. 0. 0. 6.]
 [1. 2. 1. 0. 0. 0. 0. 0. 0. 0. 6.]
 [1. 2. 1. 0. 0. 0. 0. 0. 0. 0. 6.]
 [0. 2. 1. 0. 0. 0. 0. 0. 0. 0. 6.]
 [0. 2. 1. 0. 0. 0. 0. 0. 0. 0. 6.]
 [1. 2. 1. 1. 0. 0. 0. 1. 0. 0. 6.]
 [1. 2. 1. 0. 0. 0. 0. 0. 0. 0. 6.]
 [0. 2. 1. 0. 0. 0. 0. 0. 0. 0. 6.]
 [1. 2. 1. 0. 0. 0. 0. 0. 0. 0. 6.]
 [0. 2. 1. 0. 0. 0. 0. 0. 0. 0. 6.]
 [1. 2. 1. 0. 0. 0. 0. 1. 0. 0. 6.]
 [0. 2. 1. 0. 0. 0. 0. 0. 0. 0. 6.]]
[[1. 2. 1. 0. 0. 0. 0. 0. 0. 0. 6.]
 [1. 2. 1. 1. 0. 0. 0. 0. 0. 0. 6.]
 [1. 2. 1. 0. 0. 0. 0. 0. 0. 0. 6.]
 [0. 2. 1. 0. 0. 0. 0. 0. 0. 0. 6.]
 [1. 2. 1. 0. 0. 0. 0. 0. 0. 0. 6.]
 [1. 2. 1. 0. 0. 0. 0. 0. 0. 0. 6.]
 [0. 2. 1. 0. 0. 0. 0. 0. 0. 0. 6.]
 [0. 2. 1. 0. 0. 0. 0. 0. 0. 0. 6.]
 [1. 2. 1. 1. 0. 0. 0. 1. 0. 0. 6.]
 [1. 2. 1. 0. 0. 0. 0. 0. 0. 0. 6.]
 [0. 2. 1. 0. 0. 0. 0. 0. 0. 0. 6.]
 [1. 2. 1. 0. 0. 0. 0. 0. 0. 0. 6.]
 [0. 2. 1. 0. 0. 0. 0. 0. 0. 0. 6.]
 [1. 2. 1. 0. 0. 0. 0. 1. 0. 0. 6.]
 [0. 2. 1. 0. 0. 0. 0. 0. 0. 0. 6.]]
8
diff_data:
   agent  day  idx                         text  turn  type
0     15    6    0               VOTE Agent[08]     0  talk
1      7    6    1               VOTE Agent[08]     0  talk
2      4    6    2               VOTE Agent[08]     0  talk
3     13    6    3  ESTIMATE Agent[15] WEREWOLF     0  talk
4      8    6    4               VOTE Agent[11]     0  talk
5     11    6    5  ESTIMATE Agent[04] WEREWOLF     0  talk
[[1. 2. 1. 0. 0. 0. 0. 0. 0. 0. 6.]
 [1. 2. 1. 1. 0. 0. 0. 0. 0. 0. 6.]
 [1. 2. 1. 0. 0. 0. 0. 0. 0. 0. 6.]
 [0. 2. 1. 0. 0. 0. 0. 0. 0. 0. 6.]
 [1. 2. 1. 0. 0. 0. 0. 0. 0. 0. 6.]
 [1. 2. 1. 0. 0. 0. 0. 0. 0. 0. 6.]
 [0. 2. 1. 0. 0. 0. 0. 0. 0. 0. 6.]
 [0. 2. 1. 0. 0. 0. 0. 0. 0. 0. 6.]
 [1. 2. 1. 1. 0. 0. 0. 1. 0. 0. 6.]
 [1. 2. 1. 0. 0. 0. 0. 0. 0. 0. 6.]
 [0. 2. 1. 0. 0. 0. 0. 0. 0. 0. 6.]
 [1. 2. 1. 0. 0. 0. 0. 0. 0. 0. 6.]
 [0. 2. 1. 0. 0. 0. 0. 0. 0. 0. 6.]
 [1. 2. 1. 0. 0. 0. 0. 1. 0. 0. 6.]
 [0. 2. 1. 0. 0. 0. 0. 0. 0. 0. 6.]]
[[1. 2. 1. 0. 0. 0. 0. 0. 0. 0. 6.]
 [1. 2. 1. 1. 0. 0. 0. 0. 0. 0. 6.]
 [1. 2. 1. 0. 0. 0. 0. 0. 0. 0. 6.]
 [0. 2. 1. 0. 0. 0. 0. 0. 0. 0. 6.]
 [1. 2. 1. 0. 0. 0. 0. 0. 0. 0. 6.]
 [1. 2. 1. 0. 0. 0. 0. 0. 0. 0. 6.]
 [0. 2. 1. 0. 0. 0. 0. 0. 0. 0. 6.]
 [0. 2. 1. 0. 0. 0. 0. 0. 0. 0. 6.]
 [1. 2. 1. 1. 0. 0. 0. 1. 0. 0. 6.]
 [1. 2. 1. 0. 0. 0. 0. 0. 0. 0. 6.]
 [0. 2. 1. 0. 0. 0. 0. 0. 0. 0. 6.]
 [1. 2. 1. 0. 0. 0. 0. 0. 0. 0. 6.]
 [0. 2. 1. 0. 0. 0. 0. 0. 0. 0. 6.]
 [1. 2. 1. 0. 0. 0. 0. 1. 0. 0. 6.]
 [0. 2. 1. 0. 0. 0. 0. 0. 0. 0. 6.]]
6
diff_data:
   agent  day  idx            text  turn  type
0     11    6    6  VOTE Agent[04]     1  talk
1     15    6    7  VOTE Agent[06]     1  talk
2      8    6    8            Skip     1  talk
3     13    6    9  VOTE Agent[15]     1  talk
4      4    6   10            Skip     1  talk
5      7    6   11            Skip     1  talk
[[1. 2. 1. 0. 0. 0. 0. 0. 0. 0. 6.]
 [1. 2. 1. 1. 0. 0. 0. 0. 0. 0. 6.]
 [1. 2. 1. 0. 0. 0. 0. 0. 0. 0. 6.]
 [0. 2. 1. 0. 0. 0. 0. 0. 0. 0. 6.]
 [1. 2. 1. 0. 0. 0. 0. 0. 0. 0. 6.]
 [1. 2. 1. 0. 0. 0. 0. 0. 0. 0. 6.]
 [0. 2. 1. 0. 0. 0. 0. 0. 0. 0. 6.]
 [0. 2. 1. 0. 0. 0. 0. 0. 0. 0. 6.]
 [1. 2. 1. 1. 0. 0. 0. 1. 0. 0. 6.]
 [1. 2. 1. 0. 0. 0. 0. 0. 0. 0. 6.]
 [0. 2. 1. 0. 0. 0. 0. 0. 0. 0. 6.]
 [1. 2. 1. 0. 0. 0. 0. 0. 0. 0. 6.]
 [0. 2. 1. 0. 0. 0. 0. 0. 0. 0. 6.]
 [1. 2. 1. 0. 0. 0. 0. 1. 0. 0. 6.]
 [0. 2. 1. 0. 0. 0. 0. 0. 0. 0. 6.]]
[[1. 2. 1. 0. 0. 0. 0. 0. 0. 0. 6.]
 [1. 2. 1. 1. 0. 0. 0. 0. 0. 0. 6.]
 [1. 2. 1. 0. 0. 0. 0. 0. 0. 0. 6.]
 [0. 2. 1. 0. 0. 0. 0. 0. 0. 0. 6.]
 [1. 2. 1. 0. 0. 0. 0. 0. 0. 0. 6.]
 [1. 2. 1. 0. 0. 0. 0. 0. 0. 0. 6.]
 [0. 2. 1. 0. 0. 0. 0. 0. 0. 0. 6.]
 [0. 2. 1. 0. 0. 0. 0. 0. 0. 0. 6.]
 [1. 2. 1. 1. 0. 0. 0. 1. 0. 0. 6.]
 [1. 2. 1. 0. 0. 0. 0. 0. 0. 0. 6.]
 [0. 2. 1. 0. 0. 0. 0. 0. 0. 0. 6.]
 [1. 2. 1. 0. 0. 0. 0. 0. 0. 0. 6.]
 [0. 2. 1. 0. 0. 0. 0. 0. 0. 0. 6.]
 [1. 2. 1. 0. 0. 0. 0. 1. 0. 0. 6.]
 [0. 2. 1. 0. 0. 0. 0. 0. 0. 0. 6.]]
8
diff_data:
   agent  day  idx            text  turn  type
0      4    6   12            Skip     2  talk
1     11    6   13            Skip     2  talk
2      8    6   14            Skip     2  talk
3     13    6   15            Skip     2  talk
4     15    6   16  VOTE Agent[08]     2  talk
5      7    6   17            Skip     2  talk
[[1. 2. 1. 0. 0. 0. 0. 0. 0. 0. 6.]
 [1. 2. 1. 1. 0. 0. 0. 0. 0. 0. 6.]
 [1. 2. 1. 0. 0. 0. 0. 0. 0. 0. 6.]
 [0. 2. 1. 0. 0. 0. 0. 0. 0. 0. 6.]
 [1. 2. 1. 0. 0. 0. 0. 0. 0. 0. 6.]
 [1. 2. 1. 0. 0. 0. 0. 0. 0. 0. 6.]
 [0. 2. 1. 0. 0. 0. 0. 0. 0. 0. 6.]
 [0. 2. 1. 0. 0. 0. 0. 0. 0. 0. 6.]
 [1. 2. 1. 1. 0. 0. 0. 1. 0. 0. 6.]
 [1. 2. 1. 0. 0. 0. 0. 0. 0. 0. 6.]
 [0. 2. 1. 0. 0. 0. 0. 0. 0. 0. 6.]
 [1. 2. 1. 0. 0. 0. 0. 0. 0. 0. 6.]
 [0. 2. 1. 0. 0. 0. 0. 0. 0. 0. 6.]
 [1. 2. 1. 0. 0. 0. 0. 1. 0. 0. 6.]
 [0. 2. 1. 0. 0. 0. 0. 0. 0. 0. 6.]]
[[1. 2. 1. 0. 0. 0. 0. 0. 0. 0. 6.]
 [1. 2. 1. 1. 0. 0. 0. 0. 0. 0. 6.]
 [1. 2. 1. 0. 0. 0. 0. 0. 0. 0. 6.]
 [0. 2. 1. 0. 0. 0. 0. 0. 0. 0. 6.]
 [1. 2. 1. 0. 0. 0. 0. 0. 0. 0. 6.]
 [1. 2. 1. 0. 0. 0. 0. 0. 0. 0. 6.]
 [0. 2. 1. 0. 0. 0. 0. 0. 0. 0. 6.]
 [0. 2. 1. 0. 0. 0. 0. 0. 0. 0. 6.]
 [1. 2. 1. 1. 0. 0. 0. 1. 0. 0. 6.]
 [1. 2. 1. 0. 0. 0. 0. 0. 0. 0. 6.]
 [0. 2. 1. 0. 0. 0. 0. 0. 0. 0. 6.]
 [1. 2. 1. 0. 0. 0. 0. 0. 0. 0. 6.]
 [0. 2. 1. 0. 0. 0. 0. 0. 0. 0. 6.]
 [1. 2. 1. 0. 0. 0. 0. 1. 0. 0. 6.]
 [0. 2. 1. 0. 0. 0. 0. 0. 0. 0. 6.]]
2
diff_data:
   agent  day  idx            text  turn  type
0      7    6   18            Over     3  talk
1      8    6   19            Over     3  talk
2     13    6   20            Skip     3  talk
3     15    6   21  VOTE Agent[02]     3  talk
4      4    6   22            Over     3  talk
5     11    6   23            Skip     3  talk
[[1. 2. 1. 0. 0. 0. 0. 0. 0. 0. 6.]
 [1. 2. 1. 1. 0. 0. 0. 0. 0. 0. 6.]
 [1. 2. 1. 0. 0. 0. 0. 0. 0. 0. 6.]
 [0. 2. 1. 0. 0. 0. 0. 0. 0. 0. 6.]
 [1. 2. 1. 0. 0. 0. 0. 0. 0. 0. 6.]
 [1. 2. 1. 0. 0. 0. 0. 0. 0. 0. 6.]
 [0. 2. 1. 0. 0. 0. 0. 0. 0. 0. 6.]
 [0. 2. 1. 0. 0. 0. 0. 0. 0. 0. 6.]
 [1. 2. 1. 1. 0. 0. 0. 1. 0. 0. 6.]
 [1. 2. 1. 0. 0. 0. 0. 0. 0. 0. 6.]
 [0. 2. 1. 0. 0. 0. 0. 0. 0. 0. 6.]
 [1. 2. 1. 0. 0. 0. 0. 0. 0. 0. 6.]
 [0. 2. 1. 0. 0. 0. 0. 0. 0. 0. 6.]
 [1. 2. 1. 0. 0. 0. 0. 1. 0. 0. 6.]
 [0. 2. 1. 0. 0. 0. 0. 0. 0. 0. 6.]]
diff_data:
   agent  day  idx  text  turn  type
0     11    6   24  Over     4  talk
1      4    6   25  Over     4  talk
2     13    6   26  Over     4  talk
3      7    6   27  Over     4  talk
4     15    6   28  Skip     4  talk
5      8    6   29  Over     4  talk
[[1. 2. 1. 0. 0. 0. 0. 0. 0. 0. 6.]
 [1. 2. 1. 1. 0. 0. 0. 0. 0. 0. 6.]
 [1. 2. 1. 0. 0. 0. 0. 0. 0. 0. 6.]
 [0. 2. 1. 0. 0. 0. 0. 0. 0. 0. 6.]
 [1. 2. 1. 0. 0. 0. 0. 0. 0. 0. 6.]
 [1. 2. 1. 0. 0. 0. 0. 0. 0. 0. 6.]
 [0. 2. 1. 0. 0. 0. 0. 0. 0. 0. 6.]
 [0. 2. 1. 0. 0. 0. 0. 0. 0. 0. 6.]
 [1. 2. 1. 1. 0. 0. 0. 1. 0. 0. 6.]
 [1. 2. 1. 0. 0. 0. 0. 0. 0. 0. 6.]
 [0. 2. 1. 0. 0. 0. 0. 0. 0. 0. 6.]
 [1. 2. 1. 0. 0. 0. 0. 0. 0. 0. 6.]
 [0. 2. 1. 0. 0. 0. 0. 0. 0. 0. 6.]
 [1. 2. 1. 0. 0. 0. 0. 1. 0. 0. 6.]
 [0. 2. 1. 0. 0. 0. 0. 0. 0. 0. 6.]]
[[1. 2. 1. 0. 0. 0. 0. 0. 0. 0. 6.]
 [1. 2. 1. 1. 0. 0. 0. 0. 0. 0. 6.]
 [1. 2. 1. 0. 0. 0. 0. 0. 0. 0. 6.]
 [0. 2. 1. 0. 0. 0. 0. 0. 0. 0. 6.]
 [1. 2. 1. 0. 0. 0. 0. 0. 0. 0. 6.]
 [1. 2. 1. 0. 0. 0. 0. 0. 0. 0. 6.]
 [0. 2. 1. 0. 0. 0. 0. 0. 0. 0. 6.]
 [0. 2. 1. 0. 0. 0. 0. 0. 0. 0. 6.]
 [1. 2. 1. 1. 0. 0. 0. 1. 0. 0. 6.]
 [1. 2. 1. 0. 0. 0. 0. 0. 0. 0. 6.]
 [0. 2. 1. 0. 0. 0. 0. 0. 0. 0. 6.]
 [1. 2. 1. 0. 0. 0. 0. 0. 0. 0. 6.]
 [0. 2. 1. 0. 0. 0. 0. 0. 0. 0. 6.]
 [1. 2. 1. 0. 0. 0. 0. 1. 0. 0. 6.]
 [0. 2. 1. 0. 0. 0. 0. 0. 0. 0. 6.]]
2
diff_data:
   agent  day  idx            text  turn  type
0      7    6   30            Over     5  talk
1     15    6   31  VOTE Agent[02]     5  talk
2     11    6   32            Over     5  talk
3      8    6   33            Over     5  talk
4     13    6   34            Over     5  talk
5      4    6   35            Over     5  talk
[[1. 2. 1. 0. 0. 0. 0. 0. 0. 0. 6.]
 [1. 2. 1. 1. 0. 0. 0. 0. 0. 0. 6.]
 [1. 2. 1. 0. 0. 0. 0. 0. 0. 0. 6.]
 [0. 2. 1. 0. 0. 0. 0. 0. 0. 0. 6.]
 [1. 2. 1. 0. 0. 0. 0. 0. 0. 0. 6.]
 [1. 2. 1. 0. 0. 0. 0. 0. 0. 0. 6.]
 [0. 2. 1. 0. 0. 0. 0. 0. 0. 0. 6.]
 [0. 2. 1. 0. 0. 0. 0. 0. 0. 0. 6.]
 [1. 2. 1. 1. 0. 0. 0. 1. 0. 0. 6.]
 [1. 2. 1. 0. 0. 0. 0. 0. 0. 0. 6.]
 [0. 2. 1. 0. 0. 0. 0. 0. 0. 0. 6.]
 [1. 2. 1. 0. 0. 0. 0. 0. 0. 0. 6.]
 [0. 2. 1. 0. 0. 0. 0. 0. 0. 0. 6.]
 [1. 2. 1. 0. 0. 0. 0. 1. 0. 0. 6.]
 [0. 2. 1. 0. 0. 0. 0. 0. 0. 0. 6.]]
[[1. 2. 1. 0. 0. 0. 0. 0. 0. 0. 6.]
 [1. 2. 1. 1. 0. 0. 0. 0. 0. 0. 6.]
 [1. 2. 1. 0. 0. 0. 0. 0. 0. 0. 6.]
 [0. 2. 1. 0. 0. 0. 0. 0. 0. 0. 6.]
 [1. 2. 1. 0. 0. 0. 0. 0. 0. 0. 6.]
 [1. 2. 1. 0. 0. 0. 0. 0. 0. 0. 6.]
 [0. 2. 1. 0. 0. 0. 0. 0. 0. 0. 6.]
 [0. 2. 1. 0. 0. 0. 0. 0. 0. 0. 6.]
 [1. 2. 1. 1. 0. 0. 0. 1. 0. 0. 6.]
 [1. 2. 1. 0. 0. 0. 0. 0. 0. 0. 6.]
 [0. 2. 1. 0. 0. 0. 0. 0. 0. 0. 6.]
 [1. 2. 1. 0. 0. 0. 0. 0. 0. 0. 6.]
 [0. 2. 1. 0. 0. 0. 0. 0. 0. 0. 6.]
 [1. 2. 1. 0. 0. 0. 0. 1. 0. 0. 6.]
 [0. 2. 1. 0. 0. 0. 0. 0. 0. 0. 6.]]
12
diff_data:
   agent  day  idx            text  turn  type
0     13    6   36            Over     6  talk
1     11    6   37            Over     6  talk
2      8    6   38            Over     6  talk
3     15    6   39  VOTE Agent[12]     6  talk
4      7    6   40            Over     6  talk
5      4    6   41            Over     6  talk
[[1. 2. 1. 0. 0. 0. 0. 0. 0. 0. 6.]
 [1. 2. 1. 1. 0. 0. 0. 0. 0. 0. 6.]
 [1. 2. 1. 0. 0. 0. 0. 0. 0. 0. 6.]
 [0. 2. 1. 0. 0. 0. 0. 0. 0. 0. 6.]
 [1. 2. 1. 0. 0. 0. 0. 0. 0. 0. 6.]
 [1. 2. 1. 0. 0. 0. 0. 0. 0. 0. 6.]
 [0. 2. 1. 0. 0. 0. 0. 0. 0. 0. 6.]
 [0. 2. 1. 0. 0. 0. 0. 0. 0. 0. 6.]
 [1. 2. 1. 1. 0. 0. 0. 1. 0. 0. 6.]
 [1. 2. 1. 0. 0. 0. 0. 0. 0. 0. 6.]
 [0. 2. 1. 0. 0. 0. 0. 0. 0. 0. 6.]
 [1. 2. 1. 0. 0. 0. 0. 0. 0. 0. 6.]
 [0. 2. 1. 0. 0. 0. 0. 0. 0. 0. 6.]
 [1. 2. 1. 0. 0. 0. 0. 1. 0. 0. 6.]
 [0. 2. 1. 0. 0. 0. 0. 0. 0. 0. 6.]]
[[1. 2. 1. 0. 0. 0. 0. 0. 0. 0. 6.]
 [1. 2. 1. 1. 0. 0. 0. 0. 0. 0. 6.]
 [1. 2. 1. 0. 0. 0. 0. 0. 0. 0. 6.]
 [0. 2. 1. 0. 0. 0. 0. 0. 0. 0. 6.]
 [1. 2. 1. 0. 0. 0. 0. 0. 0. 0. 6.]
 [1. 2. 1. 0. 0. 0. 0. 0. 0. 0. 6.]
 [0. 2. 1. 0. 0. 0. 0. 0. 0. 0. 6.]
 [0. 2. 1. 0. 0. 0. 0. 0. 0. 0. 6.]
 [1. 2. 1. 1. 0. 0. 0. 1. 0. 0. 6.]
 [1. 2. 1. 0. 0. 0. 0. 0. 0. 0. 6.]
 [0. 2. 1. 0. 0. 0. 0. 0. 0. 0. 6.]
 [1. 2. 1. 0. 0. 0. 0. 0. 0. 0. 6.]
 [0. 2. 1. 0. 0. 0. 0. 0. 0. 0. 6.]
 [1. 2. 1. 0. 0. 0. 0. 1. 0. 0. 6.]
 [0. 2. 1. 0. 0. 0. 0. 0. 0. 0. 6.]]
6
diff_data:
   agent  day  idx            text  turn  type
0     13    6   42            Over     7  talk
1     15    6   43  VOTE Agent[06]     7  talk
2      4    6   44            Over     7  talk
3      7    6   45            Over     7  talk
4      8    6   46            Over     7  talk
5     11    6   47            Over     7  talk
[[1. 2. 1. 0. 0. 0. 0. 0. 0. 0. 6.]
 [1. 2. 1. 1. 0. 0. 0. 0. 0. 0. 6.]
 [1. 2. 1. 0. 0. 0. 0. 0. 0. 0. 6.]
 [0. 2. 1. 0. 0. 0. 0. 0. 0. 0. 6.]
 [1. 2. 1. 0. 0. 0. 0. 0. 0. 0. 6.]
 [1. 2. 1. 0. 0. 0. 0. 0. 0. 0. 6.]
 [0. 2. 1. 0. 0. 0. 0. 0. 0. 0. 6.]
 [0. 2. 1. 0. 0. 0. 0. 0. 0. 0. 6.]
 [1. 2. 1. 1. 0. 0. 0. 1. 0. 0. 6.]
 [1. 2. 1. 0. 0. 0. 0. 0. 0. 0. 6.]
 [0. 2. 1. 0. 0. 0. 0. 0. 0. 0. 6.]
 [1. 2. 1. 0. 0. 0. 0. 0. 0. 0. 6.]
 [0. 2. 1. 0. 0. 0. 0. 0. 0. 0. 6.]
 [1. 2. 1. 0. 0. 0. 0. 1. 0. 0. 6.]
 [0. 2. 1. 0. 0. 0. 0. 0. 0. 0. 6.]]
diff_data:
   agent  day  idx  text  turn  type
0     13    6   48  Over     8  talk
1     15    6   49  Skip     8  talk
2      4    6   50  Over     8  talk
3      7    6   51  Over     8  talk
4     11    6   52  Over     8  talk
5      8    6   53  Over     8  talk
[[1. 2. 1. 0. 0. 0. 0. 0. 0. 0. 6.]
 [1. 2. 1. 1. 0. 0. 0. 0. 0. 0. 6.]
 [1. 2. 1. 0. 0. 0. 0. 0. 0. 0. 6.]
 [0. 2. 1. 0. 0. 0. 0. 0. 0. 0. 6.]
 [1. 2. 1. 0. 0. 0. 0. 0. 0. 0. 6.]
 [1. 2. 1. 0. 0. 0. 0. 0. 0. 0. 6.]
 [0. 2. 1. 0. 0. 0. 0. 0. 0. 0. 6.]
 [0. 2. 1. 0. 0. 0. 0. 0. 0. 0. 6.]
 [1. 2. 1. 1. 0. 0. 0. 1. 0. 0. 6.]
 [1. 2. 1. 0. 0. 0. 0. 0. 0. 0. 6.]
 [0. 2. 1. 0. 0. 0. 0. 0. 0. 0. 6.]
 [1. 2. 1. 0. 0. 0. 0. 0. 0. 0. 6.]
 [0. 2. 1. 0. 0. 0. 0. 0. 0. 0. 6.]
 [1. 2. 1. 0. 0. 0. 0. 1. 0. 0. 6.]
 [0. 2. 1. 0. 0. 0. 0. 0. 0. 0. 6.]]
[[1. 2. 1. 0. 0. 0. 0. 0. 0. 0. 6.]
 [1. 2. 1. 1. 0. 0. 0. 0. 0. 0. 6.]
 [1. 2. 1. 0. 0. 0. 0. 0. 0. 0. 6.]
 [0. 2. 1. 0. 0. 0. 0. 0. 0. 0. 6.]
 [1. 2. 1. 0. 0. 0. 0. 0. 0. 0. 6.]
 [1. 2. 1. 0. 0. 0. 0. 0. 0. 0. 6.]
 [0. 2. 1. 0. 0. 0. 0. 0. 0. 0. 6.]
 [0. 2. 1. 0. 0. 0. 0. 0. 0. 0. 6.]
 [1. 2. 1. 1. 0. 0. 0. 1. 0. 0. 6.]
 [1. 2. 1. 0. 0. 0. 0. 0. 0. 0. 6.]
 [0. 2. 1. 0. 0. 0. 0. 0. 0. 0. 6.]
 [1. 2. 1. 0. 0. 0. 0. 0. 0. 0. 6.]
 [0. 2. 1. 0. 0. 0. 0. 0. 0. 0. 6.]
 [1. 2. 1. 0. 0. 0. 0. 1. 0. 0. 6.]
 [0. 2. 1. 0. 0. 0. 0. 0. 0. 0. 6.]]
2
diff_data:
   agent  day  idx            text  turn  type
0      8    6   54            Over     9  talk
1     15    6   55  VOTE Agent[02]     9  talk
2      7    6   56            Over     9  talk
3     11    6   57            Over     9  talk
4      4    6   58            Over     9  talk
5     13    6   59            Over     9  talk
[[1. 2. 1. 0. 0. 0. 0. 0. 0. 0. 6.]
 [1. 2. 1. 1. 0. 0. 0. 0. 0. 0. 6.]
 [1. 2. 1. 0. 0. 0. 0. 0. 0. 0. 6.]
 [0. 2. 1. 0. 0. 0. 0. 0. 0. 0. 6.]
 [1. 2. 1. 0. 0. 0. 0. 0. 0. 0. 6.]
 [1. 2. 1. 0. 0. 0. 0. 0. 0. 0. 6.]
 [0. 2. 1. 0. 0. 0. 0. 0. 0. 0. 6.]
 [0. 2. 1. 0. 0. 0. 0. 0. 0. 0. 6.]
 [1. 2. 1. 1. 0. 0. 0. 1. 0. 0. 6.]
 [1. 2. 1. 0. 0. 0. 0. 0. 0. 0. 6.]
 [0. 2. 1. 0. 0. 0. 0. 0. 0. 0. 6.]
 [1. 2. 1. 0. 0. 0. 0. 0. 0. 0. 6.]
 [0. 2. 1. 0. 0. 0. 0. 0. 0. 0. 6.]
 [1. 2. 1. 0. 0. 0. 0. 1. 0. 0. 6.]
 [0. 2. 1. 0. 0. 0. 0. 0. 0. 0. 6.]]
[[1. 2. 1. 0. 0. 0. 0. 0. 0. 0. 6.]
 [1. 2. 1. 1. 0. 0. 0. 0. 0. 0. 6.]
 [1. 2. 1. 0. 0. 0. 0. 0. 0. 0. 6.]
 [0. 2. 1. 0. 0. 0. 0. 0. 0. 0. 6.]
 [1. 2. 1. 0. 0. 0. 0. 0. 0. 0. 6.]
 [1. 2. 1. 0. 0. 0. 0. 0. 0. 0. 6.]
 [0. 2. 1. 0. 0. 0. 0. 0. 0. 0. 6.]
 [0. 2. 1. 0. 0. 0. 0. 0. 0. 0. 6.]
 [1. 2. 1. 1. 0. 0. 0. 1. 0. 0. 6.]
 [1. 2. 1. 0. 0. 0. 0. 0. 0. 0. 6.]
 [0. 2. 1. 0. 0. 0. 0. 0. 0. 0. 6.]
 [1. 2. 1. 0. 0. 0. 0. 0. 0. 0. 6.]
 [0. 2. 1. 0. 0. 0. 0. 0. 0. 0. 6.]
 [1. 2. 1. 0. 0. 0. 0. 1. 0. 0. 6.]
 [0. 2. 1. 0. 0. 0. 0. 0. 0. 0. 6.]]
13
diff_data:
   agent  day  idx            text  turn  type
0      8    6   60            Over    10  talk
1     15    6   61  VOTE Agent[13]    10  talk
2      4    6   62            Over    10  talk
3     13    6   63            Over    10  talk
4     11    6   64            Over    10  talk
5      7    6   65            Over    10  talk
[[1. 2. 1. 0. 0. 0. 0. 0. 0. 0. 6.]
 [1. 2. 1. 1. 0. 0. 0. 0. 0. 0. 6.]
 [1. 2. 1. 0. 0. 0. 0. 0. 0. 0. 6.]
 [0. 2. 1. 0. 0. 0. 0. 0. 0. 0. 6.]
 [1. 2. 1. 0. 0. 0. 0. 0. 0. 0. 6.]
 [1. 2. 1. 0. 0. 0. 0. 0. 0. 0. 6.]
 [0. 2. 1. 0. 0. 0. 0. 0. 0. 0. 6.]
 [0. 2. 1. 0. 0. 0. 0. 0. 0. 0. 6.]
 [1. 2. 1. 1. 0. 0. 0. 1. 0. 0. 6.]
 [1. 2. 1. 0. 0. 0. 0. 0. 0. 0. 6.]
 [0. 2. 1. 0. 0. 0. 0. 0. 0. 0. 6.]
 [1. 2. 1. 0. 0. 0. 0. 0. 0. 0. 6.]
 [0. 2. 1. 0. 0. 0. 0. 0. 0. 0. 6.]
 [1. 2. 1. 0. 0. 0. 0. 1. 0. 0. 6.]
 [0. 2. 1. 0. 0. 0. 0. 0. 0. 0. 6.]]
[[1. 2. 1. 0. 0. 0. 0. 0. 0. 0. 6.]
 [1. 2. 1. 1. 0. 0. 0. 0. 0. 0. 6.]
 [1. 2. 1. 0. 0. 0. 0. 0. 0. 0. 6.]
 [0. 2. 1. 0. 0. 0. 0. 0. 0. 0. 6.]
 [1. 2. 1. 0. 0. 0. 0. 0. 0. 0. 6.]
 [1. 2. 1. 0. 0. 0. 0. 0. 0. 0. 6.]
 [0. 2. 1. 0. 0. 0. 0. 0. 0. 0. 6.]
 [0. 2. 1. 0. 0. 0. 0. 0. 0. 0. 6.]
 [1. 2. 1. 1. 0. 0. 0. 1. 0. 0. 6.]
 [1. 2. 1. 0. 0. 0. 0. 0. 0. 0. 6.]
 [0. 2. 1. 0. 0. 0. 0. 0. 0. 0. 6.]
 [1. 2. 1. 0. 0. 0. 0. 0. 0. 0. 6.]
 [0. 2. 1. 0. 0. 0. 0. 0. 0. 0. 6.]
 [1. 2. 1. 0. 0. 0. 0. 1. 0. 0. 6.]
 [0. 2. 1. 0. 0. 0. 0. 0. 0. 0. 6.]]
6
diff_data:
    agent  day  idx            text  turn  type
0      15    6   66  VOTE Agent[06]    11  talk
1       7    6   67            Over    11  talk
2      13    6   68            Over    11  talk
3       8    6   69            Over    11  talk
4       4    6   70            Over    11  talk
5      11    6   71            Over    11  talk
6      15    6   72            Over    12  talk
7       4    6   73            Over    12  talk
8      13    6   74            Over    12  talk
9      11    6   75            Over    12  talk
10      8    6   76            Over    12  talk
11      7    6   77            Over    12  talk
diff_data:
Empty DataFrame
Columns: [agent, day, idx, text, turn, type]
Index: []
[[1. 2. 1. 0. 0. 0. 0. 0. 0. 0. 6.]
 [1. 2. 1. 1. 0. 0. 0. 0. 0. 0. 6.]
 [1. 2. 1. 0. 0. 0. 0. 0. 0. 0. 6.]
 [0. 2. 1. 0. 0. 0. 0. 0. 0. 0. 6.]
 [1. 2. 1. 0. 0. 0. 0. 0. 0. 0. 6.]
 [1. 2. 1. 0. 0. 0. 0. 0. 0. 0. 6.]
 [0. 2. 1. 0. 0. 0. 0. 0. 0. 0. 6.]
 [0. 2. 1. 0. 0. 0. 0. 0. 0. 0. 6.]
 [1. 2. 1. 1. 0. 0. 0. 1. 0. 0. 6.]
 [1. 2. 1. 0. 0. 0. 0. 0. 0. 0. 6.]
 [0. 2. 1. 0. 0. 0. 0. 0. 0. 0. 6.]
 [1. 2. 1. 0. 0. 0. 0. 0. 0. 0. 6.]
 [0. 2. 1. 0. 0. 0. 0. 0. 0. 0. 6.]
 [1. 2. 1. 0. 0. 0. 0. 1. 0. 0. 6.]
 [0. 2. 1. 0. 0. 0. 0. 0. 0. 0. 6.]]
diff_data:
    agent  day  idx                           text  turn    type
0      12    7   12   COMINGOUT Agent[12] WEREWOLF     0  finish
1       4    7    4   COMINGOUT Agent[04] VILLAGER     0  finish
2       1    7    1   COMINGOUT Agent[01] VILLAGER     0  finish
3       8    7    8   COMINGOUT Agent[08] VILLAGER     0  finish
4      14    7   14  COMINGOUT Agent[14] POSSESSED     0  finish
5       7    7    7   COMINGOUT Agent[07] VILLAGER     0  finish
6       5    7    5   COMINGOUT Agent[05] VILLAGER     0  finish
7      15    7   15     COMINGOUT Agent[15] MEDIUM     0  finish
8       6    7    6   COMINGOUT Agent[06] VILLAGER     0  finish
9       9    7    9       COMINGOUT Agent[09] SEER     0  finish
10     10    7   10  COMINGOUT Agent[10] BODYGUARD     0  finish
11     13    7   13   COMINGOUT Agent[13] WEREWOLF     0  finish
12     11    7   11   COMINGOUT Agent[11] WEREWOLF     0  finish
13      3    7    3   COMINGOUT Agent[03] VILLAGER     0  finish
14      2    7    2   COMINGOUT Agent[02] VILLAGER     0  finish